32769
32770
32772
5
32774
32773
32776
32781
32783
32785
32787
32790
32794
32810
32811
32812
32813
32817
32821
32826
32827
32832
32837
32840
32842
32847
32849
32851
32852
32853
32857
32858
32867
32868
32880
32883
32888
32889
32891
32894
32915
32916
32929
32933
32934
32937
32941
32948
32949
32956
32957
32958
32960
32966
32967
32969
32974
32975
32976
32979
32987
32988
32991
32994
33001
33002
33010
33016
33020
33027
33031
33032
33035
33036
33038
33041
33047
33048
33050
33052
33053
33056
33069
33070
33074
33078
33080
33081
33097
33098
33099
33101
33102
33103
33105
33113
33114
33115
33117
33120
33122
33134
33136
33137
33142
375
376
377
33146
33149
382
33152
387
389
33158
392
393
394
33162
396
33160
398
33167
400
395
399
406
407
408
33177
410
33179
416
417
33186
422
33202
33203
33204
33215
33219
451
458
459
33228
33230
462
33234
33235
33242
33245
33246
33252
33253
33254
33260
33269
33271
33273
33295
33296
33297
33298
33299
33301
33302
33303
33319
33320
33321
33325
33330
33331
33333
33334
33336
33339
33340
33344
33349
33354
33355
33357
33362
33366
33369
33370
33371
33372
33377
33378
33380
33387
33388
33391
33399
33400
33403
33407
33408
33410
33413
33414
33419
33431
33439
33443
33446
33450
33454
33461
33462
33466
33468
33469
33471
45730
33473
33474
33477
33478
33480
33481
33482
33487
33488
33490
33491
33493
33495
33498
33503
739
33512
33515
33517
33533
33537
33552
33553
33554
33556
33559
33561
33566
33577
33583
33585
33591
33592
33599
33601
33602
33604
33607
33617
33620
33624
33627
33629
33631
33632
33633
33638
33642
33646
33647
33655
33660
33665
33669
33673
33676
33681
33684
33690
33695
33698
33702
33704
33710
33712
33713
33726
33732
33750
33751
33752
33753
33754
33755
33757
33770
33771
33774
33775
33777
33778
33782
33783
33785
33786
33788
33789
33791
33797
33799
33805
33809
33810
33813
33814
33816
33817
33819
33820
33823
33827
33828
33830
33835
33836
33838
33839
33851
33853
33862
33865
33866
33867
33868
33870
33872
33873
33875
33882
33887
33889
33891
33892
33896
33897
33898
33902
33914
33920
33922
33925
33930
33931
33934
33935
33936
33943
33944
33948
33950
33953
33954
33958
33964
33965
33967
33970
33974
33977
33980
33986
34004
34010
34016
34018
34019
34022
45841
34031
34030
34035
34046
34056
34061
34069
34070
34072
34078
34082
34085
34091
34092
34097
34104
34106
34108
34118
34120
34127
34134
34135
34140
34145
34148
34149
34150
34152
34157
34158
34159
34160
34166
34176
34185
34198
34199
34200
34201
34202
34215
34218
34225
34227
46949
34241
34244
34254
34260
34261
34264
34265
34268
34269
34274
34276
34277
34278
34281
34284
34293
34301
34313
34317
34329
34331
34332
34336
34338
34341
34342
13339
34347
34349
34350
6827
34355
6829
34361
34367
34381
34385
34386
34391
34392
34393
34397
34398
34404
34405
34406
34409
34418
34419
34435
34438
34439
34440
34441
34448
34461
34463
34471
34472
34475
34487
34491
34492
34500
34501
34502
34510
34514
34525
34527
34532
34533
34534
34537
45942
34539
34543
34544
34545
34546
34553
34561
34564
34570
34571
34573
34583
34588
34592
34593
34596
34606
34608
34613
34616
34636
34648
34652
34653
34655
34656
34658
34659
34668
34669
34677
7891
34680
34684
34689
34690
34692
34693
34697
34700
34702
34704
34705
34706
34707
34708
34714
34724
34727
34732
34734
34736
34738
34741
34744
34745
34752
34756
34762
34767
34769
34772
34774
34776
34779
34781
34787
34790
34791
34796
34797
34801
34805
34813
34831
34833
34834
34838
34840
34841
34843
34844
34845
34849
34851
7898
34857
34866
34868
34869
34870
34872
34873
34874
40462
34881
6933
34891
34892
34898
34899
34926
34927
34928
34929
34934
34935
34936
34938
34940
34946
34956
34963
34967
34968
34970
34973
34977
34994
34997
35000
35003
35005
35006
35012
35026
35027
35033
35042
35045
35052
35055
6968
35074
35079
35086
35089
35119
35120
35121
35135
6984
35143
35144
35145
35148
35153
35154
35155
35156
35157
35158
35159
35160
35162
35164
35165
35166
35167
35168
35178
35179
35180
35183
35194
35203
35204
35215
35217
35223
35226
35227
35230
35239
7005
35245
35251
35256
35261
35263
35264
35265
35268
35274
35279
35286
35291
35295
35300
35301
7016
35304
35305
35308
35309
35314
35315
35323
35325
35329
35332
35341
35343
35344
35354
35359
35365
35369
35382
35387
39598
35389
35391
39599
35396
35400
35403
35404
35414
35416
35419
35420
35424
35426
35433
35437
35441
35453
35454
35455
35459
41788
35465
35466
7049
7050
35473
35475
35482
7053
35489
35492
35494
35496
35498
7056
7057
35510
7059
35521
39625
35534
35542
35543
35557
35558
7068
35573
35581
35584
35590
35591
35594
35600
35601
35611
35624
35626
35628
35634
35637
35638
35640
35643
35647
35649
35651
7086
35655
35661
35662
35665
35667
35672
35673
35678
35684
35687
35690
35691
35694
35696
35704
35707
35711
35714
35716
35723
35726
35729
35730
35736
35741
35745
39671
35763
35767
35768
35769
35772
35773
35774
35780
35782
35795
35796
35801
39680
35805
35807
35809
35813
35815
35827
35829
35830
35838
35842
7124
35850
35853
35856
35860
35869
35871
35874
35878
35879
35880
35881
35882
35884
35910
35912
35920
35924
35925
35926
35938
35939
35942
35943
35944
35949
35960
35961
35963
35964
35966
35967
35968
35970
35972
35974
35978
35980
35982
35986
35987
35992
35997
36004
36010
36016
36023
36025
36027
36035
36041
36042
36055
36056
36057
39735
36078
36079
36081
36085
36087
36089
36091
36093
36094
36098
36101
36104
36109
36112
36115
36117
36123
36124
36125
36136
36145
36149
36151
36153
36154
36155
36159
36166
36167
36168
36169
36174
36180
36189
36191
39759
36213
36215
36216
36217
36218
36220
36222
36225
36230
36236
36242
36247
36248
36249
36250
36264
36267
36270
36271
36281
36285
36288
36290
36294
39779
36304
36311
36314
36322
36326
36327
36334
36336
36367
36369
36371
36372
36373
36377
36382
36386
36399
36403
36408
36413
36416
36423
36425
36429
36433
36435
36449
39810
36459
36460
36465
36467
36469
36473
36478
36483
39817
36491
36500
36510
36512
36514
36516
36536
36539
36540
39827
36543
36547
36554
36555
36556
36558
36562
36563
36565
36566
36572
36577
36578
36584
36587
36596
36598
36600
39840
36609
36616
36622
36623
36624
36625
36636
36642
36643
36647
36650
36654
36658
36660
36661
36662
36663
36664
36666
36669
36670
36672
36673
36674
36675
36678
36679
36684
36687
36688
36691
36694
36701
36702
36705
36711
36713
36715
36716
36718
36720
36722
36723
36725
36727
36729
36738
36739
36741
36744
36745
36752
36759
36760
36762
36763
36765
36769
36772
36775
36778
36787
36788
36798
36799
36800
36803
36809
36815
36816
36819
36821
36822
36823
36825
36838
36845
36846
36850
36852
36854
36855
7325
36857
36858
36859
36861
36864
36865
36869
36870
36874
36875
36880
36881
7330
36890
36891
7332
36895
36902
36903
36910
36913
36923
7339
7340
36940
36941
36942
36947
36948
36952
36969
36970
36972
36980
36984
36988
37000
37007
37013
37015
37024
37026
37034
37042
37044
37045
37049
37050
37053
37058
37066
37069
37073
13882
37097
37099
37118
37128
37129
37130
37131
37132
37137
37138
37139
37144
37147
37151
37158
37159
37168
37172
37184
37185
37186
37191
37194
37200
37201
37202
37204
37206
37208
37209
37217
37221
37222
37224
37229
37230
37237
37249
37250
37252
37257
37259
37261
37262
37265
37270
37271
37277
37283
37285
37287
37288
37291
37296
37299
37300
37302
37303
37304
37308
37309
37316
37322
37332
37335
37339
37342
37351
37355
37361
37363
37364
37367
37371
37375
37377
37380
37385
37387
37388
37396
37399
37400
37419
37426
37428
37432
37433
37436
37437
37443
37446
37449
37454
37464
37472
37476
37480
37483
37490
37492
37495
37497
37499
37507
37510
37518
37519
37521
37525
37534
37536
37539
37541
37544
37546
37549
37550
37552
37554
37559
37572
37574
37582
37583
37584
37619
37620
37629
37630
37634
37636
37637
37643
37648
8009
37668
37671
37672
37673
37699
37704
37705
37708
37710
37719
37720
37724
37725
37726
37728
37730
37745
37747
37752
37754
37756
37760
37763
37765
37766
37767
37770
37771
37776
37781
37782
37783
37788
37794
37797
37800
37808
37809
37813
37819
37821
37822
37830
37832
37833
37834
37835
37836
37838
37851
37852
37853
37855
37858
37863
37869
37871
40092
37880
37885
37890
37892
37900
37906
37908
37909
37913
37915
37923
40102
37931
37934
40106
37946
37952
37965
37970
37975
37979
37980
37990
37993
37994
38006
38012
38013
38015
38016
38020
38021
38024
38035
38044
38049
38053
38055
38057
38060
38061
38068
38069
46648
38102
38106
38120
38124
40142
38127
38129
38130
38132
40145
38142
38148
38150
38158
38159
38167
38172
38183
38186
38189
38194
38200
38206
38207
38209
38232
38233
38235
38259
38260
38261
38262
38265
38274
38277
38278
38282
38284
38285
38289
38306
38307
38308
38313
38321
38322
38323
38327
40183
38334
38335
38341
38344
38348
38349
38351
38354
38366
14140
38377
38382
38387
38388
38393
38397
38398
38409
38415
38418
38420
38421
38432
38433
38436
38439
38441
38444
38445
38447
38454
38455
38458
38459
38460
38463
38464
38465
38467
38470
38476
38479
38482
38491
38492
38495
38501
38503
38509
38515
38521
38523
38532
38533
38534
38540
38548
38551
38556
38561
38570
46744
38577
38594
38595
40237
38604
38607
38611
38615
38616
40240
38629
38634
38638
38642
38652
38672
38676
38683
38684
38693
40256
38703
38705
38708
38710
38711
38716
38719
38723
38725
38726
38730
38733
40263
38738
38742
38746
38747
38752
38754
38757
38768
38772
38774
38776
38781
38787
38798
38805
38811
38816
38819
7717
38849
38850
38851
38874
38884
38887
38888
38889
38893
38896
38899
38902
38910
38912
38913
38916
38918
38931
38938
38940
38944
38945
38951
38952
38953
38961
38962
38964
38966
38967
38974
38976
38977
38979
38988
38990
38993
38994
39003
39005
39006
39014
39020
39021
39023
39025
39027
39028
39029
39034
39037
39046
39047
39061
39065
39066
39067
39075
39078
39079
39083
39085
39090
39091
39094
39099
39100
39106
39120
39123
39124
39127
39129
39130
39134
39135
39136
39137
39139
39142
39145
39146
39147
39158
39168
39185
39186
39193
39194
39197
39203
39207
39209
39210
39213
39214
39219
39225
39233
39248
39251
39257
39260
39261
39263
39265
39269
39272
39276
39283
39294
39300
39308
39312
39313
39318
39321
39330
39333
39339
39341
39342
39343
39349
39353
39358
39362
39364
39367
39371
7826
39379
39381
7831
39417
39418
39447
39450
39457
39458
39464
39474
39476
39481
39482
39484
39502
39504
39506
39512
39514
39520
40420
39526
39534
39535
39542
39545
39547
39548
39553
39555
39558
39559
39565
39567
39569
39574
39580
39581
39586
39587
39589
39591
6824
6825
6826
39593
6828
39597
6830
6831
39600
6833
6834
6835
39604
6836
6838
6832
6840
6841
6842
6843
39605
6837
39608
6847
6848
39617
39616
6844
39618
6853
6854
6855
6856
6857
6858
6859
6860
6861
39628
6862
39627
6865
6866
6867
39635
39637
39630
6871
6872
6874
6875
39642
6877
6879
6881
6883
6884
6885
6886
6889
6890
6891
6892
6893
39659
6894
6896
6897
39666
6899
6898
39669
6900
6903
39672
6905
6906
6904
6908
6909
6910
39678
6912
6911
39681
39679
6914
39677
6918
6919
6920
6921
39686
6923
39692
39688
6926
6927
39696
6929
6930
39697
6932
6931
6928
6935
39704
39705
6938
39706
39708
6940
6939
39711
6944
39713
6947
6948
6949
6950
6951
6952
6953
6954
6955
39722
6956
6958
6960
6962
6963
6964
6965
6966
39733
39736
6969
6970
39734
6972
6973
6974
6975
6976
39744
6978
39739
6980
39749
6982
6983
39750
6985
6986
6987
39754
6989
39757
39758
6992
6991
6990
6995
6996
6997
6993
6994
7000
7001
7002
7003
7004
39773
7006
7007
39774
7009
7010
39776
7012
7008
7014
39783
39784
7011
39786
7019
7020
7021
7022
39789
7024
7025
39793
7027
7026
7029
39798
7028
39794
39801
39802
7035
39804
7034
7038
7039
7041
39809
7043
7042
7045
7046
7047
7048
39815
39814
7051
7052
39818
7054
7055
39816
39825
7058
39826
7060
39820
7062
7063
39831
7065
7066
7067
39836
7069
7070
7071
7064
7073
7074
7075
7076
7077
7078
7079
7080
39841
7082
39851
7084
7085
7083
40485
7088
39856
7089
7091
7092
7093
7094
7095
39860
7097
7098
39865
7100
7096
7099
7103
7105
7107
7108
7109
39878
7111
39879
7114
7115
7116
39882
7119
39888
7120
7122
7123
39892
7121
7126
39895
7128
39896
7130
7129
7131
39900
7134
7127
39904
39905
7139
7140
7141
39908
7143
7144
7145
7146
7148
7149
39922
7155
39923
39926
7159
7160
39929
7162
7163
7161
7165
7166
7167
7170
39939
7172
7173
7174
7175
39942
7177
7178
39946
7179
7180
7182
7183
39947
7185
7186
7187
7188
39955
7190
7189
7192
7191
7194
7193
39964
7197
7198
7199
7200
7201
39969
7203
7204
7205
7206
7208
7209
7210
7211
39977
7213
39982
7214
7216
7217
39985
7218
7220
39989
7226
7227
39996
39997
7228
39995
7231
39998
40003
7235
7236
7237
7239
40009
7241
7243
7244
7242
40015
7249
40018
7250
7252
7253
7251
40022
40024
7257
7258
7259
7260
7261
7262
7263
7264
7265
7266
40026
7268
7270
7274
7275
7281
7282
7283
7284
7285
40052
7287
7288
7289
40058
7290
40053
7293
7295
7296
7297
7300
7301
7302
7303
7304
7305
7306
7307
7309
7310
7311
7312
7313
7314
7316
7317
7318
7320
7321
40090
7323
7322
7324
7326
7327
7328
7329
40098
7331
40095
40100
7334
40103
7335
40105
7338
7336
7337
7341
7342
7343
7344
40110
7346
7345
7348
7349
7350
40119
7352
7353
7354
7355
7356
40124
7351
7359
7358
7361
40125
7363
40126
40133
7366
40135
7365
7367
7364
40137
7372
7373
7374
7375
7376
40140
40146
7379
7380
7378
40141
7383
7377
7385
7382
7387
40156
7389
7390
7384
7392
7386
7391
7395
7397
7398
7399
7400
7401
7402
40168
7404
7405
7406
7407
40176
7409
40175
40177
40174
7413
7410
7415
7416
7417
7418
7419
7420
7421
7422
7423
7424
7426
7427
7428
7429
7430
7431
40198
7433
7432
40199
7436
40202
40206
7442
40210
7444
7445
7446
40215
7448
40217
40219
40220
7453
7454
7452
7451
40226
7461
7463
7464
40233
7467
7468
7469
7470
7471
7472
7473
7474
40238
40241
40244
7478
7479
7480
7481
7482
7483
7484
7485
40251
7487
7488
7489
7490
40259
7492
7493
7494
7495
7496
7497
7498
7499
7500
7501
7502
7503
7504
7505
7506
7507
7508
7509
40276
7510
7512
7513
7514
7515
7516
7517
7518
7519
7520
7521
7522
7523
7524
40293
40288
7527
7528
7529
7530
7531
7532
7533
40300
40303
7536
7537
7540
7541
7542
40311
7543
7545
7546
7547
7548
7549
40317
40319
40320
41981
40322
7555
7556
7557
7559
7560
7561
40329
8016
7563
7565
7566
7567
7568
7569
7570
7571
40339
40346
7579
7578
7581
7580
40347
7584
40352
7586
40353
7588
7587
7590
8021
7592
7593
40360
7595
7596
7597
40366
7599
7598
7601
7600
7603
7604
7605
40368
7607
7608
7609
7610
40375
40378
7613
7615
7616
7617
40388
7621
7622
7623
7625
7626
7627
7628
7629
7630
7631
40401
7634
40402
7636
40405
7639
40407
7641
7642
40410
7644
7643
7647
7648
7649
40418
7652
7653
7654
7655
7656
7657
7658
7659
7660
7661
7662
40422
7663
40433
7665
7667
7668
7669
7670
7671
7672
7673
40441
7677
7678
40447
7680
7679
7682
40452
7685
7687
7689
7691
7692
40460
7694
40463
7695
7693
7698
7699
7700
40467
7702
7703
7704
7705
7706
40468
7709
7710
7711
40477
7713
7714
40483
40484
7716
7718
7719
7720
7721
7722
7723
7724
7725
7726
7727
7728
40490
7730
7731
7732
7733
40500
7735
7737
7739
7740
7741
7742
7743
7744
40513
7748
7749
40516
40517
40520
7753
7752
7750
7756
7757
7758
7759
7760
7755
40530
7763
7764
7765
7767
7768
7769
7770
7771
40537
7773
40539
40543
7776
7777
40548
40549
7781
7783
40552
40555
7788
7789
7791
7792
7793
7794
7795
7796
40564
7798
7799
40565
7801
7800
7803
7797
40573
7806
7804
40576
7805
7810
40574
7812
40581
7816
40585
40589
40591
7824
7825
40592
7827
7828
40597
40595
7829
7832
40601
40602
40598
7836
7833
7837
7839
7840
40604
40610
40612
40613
7846
7847
7848
7849
7850
7851
40620
7853
7854
7855
7856
40625
40626
7859
7860
40628
7857
7865
7866
7867
40636
7869
7870
7868
40633
7873
40642
7875
7877
7878
7879
7880
7883
7884
7885
7886
7888
7889
7890
40658
7892
7893
7894
7895
7896
40665
7897
40667
7899
7900
7901
7902
7904
40673
7906
7907
7909
7910
7912
40683
7916
7917
40686
40687
40684
40689
7921
7923
7924
7925
40694
7927
7928
7929
7922
7933
7934
7936
7940
7943
7944
7949
7950
7951
7952
7953
7954
7955
7957
7958
7959
7960
7961
7962
7964
7965
7966
7967
40733
40735
7970
7968
7969
7974
7975
7976
7977
7978
7979
7981
7982
7983
7986
7988
7989
7990
7991
7992
7993
7996
40765
7998
40766
8000
40764
8002
8003
7997
8006
8007
8008
40774
40777
8011
40778
8013
8014
8015
40784
8017
8018
8019
40788
40786
8022
8023
8024
8025
40790
8026
8028
8029
8030
8031
40794
8033
40793
8035
8037
8038
8039
8040
8041
8042
40808
40809
8045
8046
40814
40810
8044
40816
8051
8052
8053
8054
8056
8057
8060
8061
8062
8063
8064
40830
8066
8067
8068
8069
8065
8072
8073
8074
8075
8076
40841
8078
8077
40843
40840
40845
8084
8085
40856
40857
8090
8091
8092
8093
8094
8095
40861
40864
8098
8099
8100
8101
8102
40863
8104
8105
40872
40875
8108
8109
8110
8111
40880
40884
8117
40886
8119
8116
40890
8123
8124
8125
8126
8127
8128
8129
40898
40895
8131
8133
8134
8135
8130
8137
8139
40908
8140
8142
8143
40910
8141
8146
8147
8148
8149
8150
8152
8153
8154
8155
8156
40920
8158
8159
8160
40929
8162
8163
8164
8165
8166
8167
8168
8161
8170
40934
40935
40941
8174
8175
8173
8177
8178
40947
40948
8179
8184
8185
8186
8187
40955
8189
8191
8192
8193
8194
8195
8196
40962
8198
40966
40965
8202
40970
8204
40973
8206
40974
40972
8210
8213
8214
40983
8215
8217
8216
8218
8220
40989
40982
8223
8224
8221
8229
8234
8236
8237
8238
8239
8240
8241
8242
8243
8244
8245
41011
8247
8248
8249
41009
8251
41022
8255
8256
8257
8258
8259
41028
41029
8262
8263
8264
8265
8266
8267
8268
8269
8270
8271
8272
8273
14669
8275
8276
8277
8278
41046
8280
8281
8282
8283
8284
8285
8286
41050
8287
8291
8292
41062
8295
8296
8297
41066
8299
8300
8301
41070
8298
8304
8305
8306
41075
41073
41072
8310
8311
8312
8313
41080
8308
8316
8317
41079
8319
41085
8321
8322
41090
8324
8325
8326
8327
41096
8329
8330
41098
8332
41101
8331
8335
8336
8337
8338
8339
8340
8341
8342
8343
8344
8345
8346
8347
8348
8349
41118
8351
8352
8353
41121
8354
8172
41126
8359
8360
8361
8363
8364
8365
8366
8367
8368
41138
8374
8376
41144
8378
8379
8381
8382
8383
8384
41151
8385
8387
8389
8393
8395
8397
8398
8399
8400
8401
41166
8402
8404
8405
8406
41174
8408
8403
41178
41171
8413
8414
41183
8418
41187
8420
8421
8422
8423
41192
8425
41194
8427
41191
41197
8430
8429
8432
8433
41201
41203
8428
8437
8431
8439
8434
8438
8442
41205
41212
8445
8446
8447
8448
41218
8451
8452
8453
8450
8455
8456
41226
8461
8462
8463
8464
8465
8466
8467
8468
8469
8470
8471
8472
41241
8474
8473
41244
41245
8478
8479
8477
8484
8485
41252
8487
8488
41253
8491
41262
8495
41264
8497
8498
41267
8503
8505
8506
8507
8508
41274
8510
8511
8512
8513
8514
41283
41281
8516
8518
8519
8520
8521
8522
8523
8524
8525
8517
8527
8528
8529
8532
41302
8536
8537
41306
8539
8540
8541
8542
40775
8544
8545
41312
8547
8548
8546
8550
41318
41320
8556
8560
41329
8563
8564
8565
8566
8567
8568
8569
8570
41339
8573
8579
8580
8581
8582
8583
8585
8588
8589
41359
8592
8593
41365
8599
8600
8602
8604
8605
41373
8607
8608
8609
41378
8611
41380
41381
8614
8615
8616
8612
8618
8619
41386
40789
41390
8623
8624
8625
41394
8626
8627
41397
8621
8632
8633
8635
8636
8637
8638
8641
8642
8643
41411
8645
8650
8651
8652
8653
8655
8656
8657
8658
8659
8660
8661
8662
8665
8669
8670
8671
8672
8673
8674
41443
8676
41445
8678
8679
41446
41447
8681
41444
8684
8688
8689
8690
8691
8694
8696
8697
8698
8700
8701
8702
8703
8704
8705
8706
8707
8708
41477
8710
8711
8712
41481
41482
8715
41480
8717
8718
8719
8720
8721
8722
8723
8724
41487
8726
8727
8728
8729
41496
8730
41500
41501
8733
8735
41503
8737
8738
8739
41508
41507
41506
8743
8744
8745
8746
8747
8748
8749
41511
41514
41520
8750
8754
41523
8756
8757
8758
8759
8752
8761
8762
8763
8764
8765
41531
41535
8767
8770
8771
8772
8773
8774
8775
8776
8777
41539
41547
8780
8781
8782
41550
8778
8785
8786
41546
8779
41556
8791
41559
8794
8795
8796
8797
8799
8800
8801
41570
41568
8804
8806
8807
41575
8811
41580
8813
8814
8815
8816
8817
8818
41587
41591
41592
41593
41594
41595
41596
41601
41606
41612
41615
41620
41629
41637
41638
41643
41651
41653
8279
41664
41667
41668
41669
41671
41674
41675
41680
41693
41700
41705
41706
41708
41709
41710
41714
41717
41718
41719
41720
41723
41724
41726
41730
41732
41733
41735
41736
41741
41742
41743
41745
41746
41754
41756
41760
41767
41772
41773
41774
41775
41776
41777
8303
41779
9016
9017
9018
9019
9020
9021
9022
9023
9024
9025
9026
9027
9028
9029
9030
9031
9032
9033
9034
9035
9036
9037
9038
9039
9040
41800
9042
9043
9044
9045
9046
9047
9048
9049
9050
9051
9052
9053
9054
9055
9056
41818
9057
9059
9060
9061
9062
9063
9064
9065
41832
9067
9068
9069
9070
9071
9072
9073
9074
9075
9076
9077
9078
9079
9080
9081
9082
41847
9084
41850
9086
9087
9088
9089
9085
9091
9092
9093
9094
9095
9096
9097
9098
9099
9100
9101
9102
9103
9104
9105
9106
9107
9108
9109
9110
41879
9112
9113
9114
9115
41878
9117
9118
9111
9120
9121
9122
9123
9124
41891
9126
9127
9128
41897
9129
9131
9132
9130
9134
9135
9136
41905
9138
9133
9137
9141
9142
9143
9144
9145
9146
9148
9149
9150
41919
9152
9153
9154
9155
9156
9157
41925
9159
9160
9161
9162
9163
9164
9165
9166
9167
9168
9169
9170
41931
9171
9173
9174
41935
9176
9177
9178
9179
9180
9181
9182
9183
41944
9185
9184
9187
41953
9188
9190
9191
9192
9193
9194
9195
9196
9197
9198
9199
41968
9200
9202
9203
9201
9205
9206
9207
9208
41976
41969
9211
9212
9213
9214
9215
9216
9217
9218
9219
9220
9221
9222
41985
9224
9225
9226
9227
9228
9229
9230
9231
9232
9233
41998
9235
9236
9237
9238
9239
9240
9241
9242
9243
9244
9245
9246
9247
9248
9249
9250
9251
9252
9253
9254
9255
9256
9257
9258
9259
9260
9261
9262
9263
9264
9265
9266
9267
9269
42037
9271
9272
9273
9274
9275
9276
9277
9278
42045
9280
9281
9282
9283
9284
9285
9286
9287
9288
42051
9290
9292
9293
9294
9295
9296
9297
9298
9299
9300
9301
42061
9303
9304
9305
9306
9307
42076
9308
9310
9311
9312
9313
9314
9315
9316
9317
42082
9319
9320
9318
9322
9321
9324
9325
9326
9327
9328
9329
9330
9331
42092
40931
40932
9336
9337
9338
9339
9340
9341
9342
42109
9344
9345
9346
9347
9348
9349
9350
9351
9352
9353
9354
9355
9356
9357
42126
9359
9358
9361
42129
9362
9360
9365
9366
9367
9368
9369
42138
9370
9372
9373
42137
9375
9376
9377
9378
9379
9380
42148
9382
9383
9384
42151
9386
9387
42156
9390
9391
42160
9393
9394
9395
42163
9396
9397
9399
9400
9401
9402
9404
9405
9406
9407
9408
9409
9410
9411
42172
9413
9414
9415
9416
9417
9418
9419
9420
9421
9422
9423
9425
9426
9427
9428
9429
9430
9432
9433
9435
9436
9437
9438
9439
9441
9442
9443
9444
9445
9446
9447
9448
9449
9450
9451
9453
9454
9455
9456
42224
9458
42226
9460
42229
9457
9463
9462
9465
9466
9467
9468
9469
9470
9471
9464
9472
9474
9476
9477
9478
9479
9480
9481
42249
9483
9484
42248
9486
42254
9488
9489
9490
42259
9492
9493
42262
9495
9496
9497
9498
9499
42260
9501
9502
9503
9504
9505
9506
9507
9508
42270
9510
9511
9512
9513
42282
9515
9516
9517
9518
9519
9520
9521
42290
9523
9524
9522
9526
9527
9528
9529
9525
9531
9532
9533
9534
9535
9536
9537
9538
9539
42302
42303
42301
9543
42312
42313
9546
42315
9548
9545
9550
9551
9552
42319
9554
9555
9556
42323
9558
9559
42328
9561
9562
9563
9564
42325
9566
42330
9568
9569
9570
42338
9572
9573
42336
9578
9580
9581
9582
42351
9583
9585
9586
9584
9588
9589
9590
9591
9592
42360
9594
42357
9596
9597
9598
9599
9600
42368
9602
9604
9606
9607
9609
42378
9611
9612
9613
9614
9615
42383
42385
9618
9620
9621
9622
9623
9624
9625
9626
9627
42393
9629
9630
9631
9632
9633
42401
42400
9636
9637
9638
9639
42402
9641
9642
9643
9644
9645
42413
9647
9648
9649
9650
9651
9646
9653
9654
9655
9652
9657
9658
9659
9660
9661
42430
9663
9664
9665
9666
9668
9669
9670
42437
9672
9673
9674
9675
9676
9677
42445
9679
42440
8436
9682
9683
9684
42453
9686
9685
9688
9689
9687
9690
9691
9693
9694
9695
9696
9697
9698
9699
9700
9701
9702
9703
9704
9705
9706
9707
9709
9710
9711
9712
42480
9713
9715
9716
9717
9718
42487
9720
42481
9719
9723
9722
42485
9726
42494
9728
9729
9730
9731
9732
9733
9734
42503
9736
9737
42506
9739
42504
9741
9742
9743
9744
9745
9746
9738
9748
9749
9750
9751
9752
9753
9754
9755
9756
9757
9758
42525
9760
9761
9759
9763
9764
42530
9766
9769
9771
42539
9773
9774
9775
9777
42546
9779
9780
9781
9782
9783
9784
42553
9785
42555
9788
9789
9787
9791
42551
9793
9794
9795
42556
9797
9796
42567
9799
9801
9800
9803
9802
9805
9806
9807
9808
9809
9810
9811
9812
9813
42575
9815
9816
9817
42584
9818
42579
9814
9822
9823
9824
9825
9826
42594
9828
9829
42592
9831
9832
42600
9834
9835
9836
42601
9838
9839
9840
9833
9842
9843
9844
9845
9846
9847
9848
42614
9850
9849
42619
9853
42622
9855
9856
42625
9858
9859
9860
9861
9862
9863
42632
9857
9866
9867
9868
9869
9870
9871
9872
9873
9874
9875
9876
42643
9877
42645
9880
42649
9882
9883
9884
9885
42654
9887
9886
9888
9890
42656
9892
9893
9894
42662
9896
9897
9895
9899
9900
9901
42667
9903
9904
9902
42674
42675
9908
9909
9910
42676
9912
9913
9907
9915
9916
9917
9919
9920
9922
9923
9924
9925
9926
9927
42694
9929
9930
9931
9932
9933
9934
9928
42704
9936
9938
9939
9940
9941
9942
42709
9944
9945
9943
9947
9948
42717
9950
9951
9952
9953
42722
9955
9956
42723
9958
9959
9960
9961
9962
42731
9964
9965
42733
42729
9968
9963
9970
42738
42732
42742
9975
9976
9977
42745
9979
9980
9984
9985
9987
9988
9989
42757
9991
9992
9993
9994
9995
9996
9998
9999
10000
10001
10002
10004
10005
10006
10007
10008
10009
10010
42775
42780
10013
10014
42783
10015
10017
10018
10016
10012
10021
10022
10023
10024
42791
10026
10027
10028
10029
10030
10033
10034
42802
42805
10038
10039
10041
10042
10043
42811
10045
10047
42816
10049
10050
10051
42819
10053
47588
10055
10056
42825
10058
10059
10057
10061
10062
10063
42829
10065
10066
10067
10068
42833
10070
10071
10072
42841
10074
42842
10076
10077
10078
42844
10080
10075
10082
42850
10084
10083
10086
42855
10088
10089
10090
10091
10092
42861
10094
10095
10096
10097
10098
10099
10100
10101
42867
42864
10104
42865
10106
10107
10108
10109
42878
10110
10112
10113
10114
10115
10116
10111
42886
10119
10120
10121
10122
10123
10124
10125
42894
10127
10128
10126
10129
42899
10132
10133
10134
10135
10136
10137
10138
42901
42908
10141
10140
10142
10144
10145
10146
10139
10148
10149
10150
10151
10152
10153
10154
10155
10156
10157
10158
10160
10161
10162
10163
10164
10165
10166
10167
42938
10171
10170
10173
10174
10175
42942
10172
10178
41099
10180
10181
10183
10184
10185
42954
10187
10188
41102
10190
10191
10192
10193
10194
10195
10196
41103
42966
10199
10200
10201
10198
10203
10204
42973
10206
10207
10209
10210
10211
10212
10213
10214
10215
10216
10217
10219
10220
10221
10223
10224
10225
10226
10228
10229
10230
10231
43000
10233
10234
43003
43002
43005
10238
10239
10242
10243
10245
10246
10247
10249
10250
10252
10253
10254
10256
10257
10259
10260
10261
10262
10263
10265
10266
10267
10268
10269
10270
43039
43040
10273
43041
10275
10276
43045
10278
10279
10280
10281
43049
10283
10284
43053
10286
10287
43056
43057
10290
43055
43060
10293
43062
43063
10296
10292
10295
43067
10300
10301
43068
10303
43071
10305
10302
10307
10308
43076
10310
43078
43080
10313
10306
10315
43079
10317
10318
10319
10314
10321
43090
10323
10324
10325
43093
10327
10328
10329
10330
10331
43092
10333
10334
43094
10336
10337
10332
43107
10339
10341
10338
10343
43112
10345
10346
10344
10348
10349
10342
10351
43114
10353
43122
43123
10356
10357
10358
43127
10360
10361
10362
10363
10364
10365
10367
10368
10369
10371
10372
10373
43143
10376
10377
10378
10375
10379
10382
43150
10384
10385
10386
43152
10388
10389
10390
10391
43156
10393
10394
10392
10396
10398
43167
10400
10401
10402
43171
43172
10405
10406
10407
10408
10409
10410
43174
10412
10413
10411
10415
10417
43186
10419
10422
10423
43192
43193
10426
10427
10428
10429
43195
10431
10432
10433
10434
43203
10436
10437
43198
10440
10443
10444
43213
10446
10447
10448
10449
43216
10451
10452
10453
10454
43221
43217
10457
10459
10460
10461
10462
10463
10464
10465
10466
10467
10468
10469
43236
10471
10472
43241
43235
10475
10476
43245
10478
10479
10480
10481
43248
43243
10484
10482
10486
10487
10488
10489
10490
43257
10492
43261
10494
43263
10491
10497
10498
10499
43264
10495
43267
10503
10504
43273
10506
43275
10508
10507
10510
41165
10512
43276
10515
43284
43285
10518
10519
10520
10517
10522
10523
10524
10525
10526
43291
10530
8606
43300
10533
10534
10532
10536
10537
43305
10539
43303
10541
10542
10543
10544
10545
10546
10547
10548
10549
43309
10551
43320
43319
10554
10556
10558
10559
43327
10560
10563
10564
10565
10566
43336
10569
10570
10571
10572
43341
10574
10575
10576
43342
10578
10579
10580
10581
43346
10583
10584
10585
10586
43353
43356
10589
10590
43357
10591
43361
10587
10595
43363
10596
10598
10599
10600
43368
8620
10603
10604
10605
10606
10607
43375
43374
10609
10611
10612
10615
10616
10617
10618
41188
43389
10622
10623
10624
41189
10626
10627
10628
43393
10632
10633
10634
10635
43403
10637
10636
10639
10640
10641
10642
10644
10645
10646
10647
10648
43417
10649
10650
10652
10653
10654
10655
10656
43425
10658
10659
10660
10661
43429
10663
10664
10665
10666
10667
10668
10669
10670
10671
10672
10673
10674
10675
10676
10677
43445
10679
43448
10681
10682
10683
10684
43453
43451
10687
10688
10685
10690
10691
10692
43463
10696
10695
10697
43467
43468
10701
10700
10704
43473
10706
43472
10705
10713
10714
10715
43481
10717
10718
10719
10720
10721
43488
10723
10724
10725
10726
10727
10728
10729
10730
43497
10731
10733
10734
10735
10732
10738
10741
10742
10743
43511
10745
10746
10747
10748
10744
10750
10751
43519
10753
10754
10758
10759
43528
10760
43526
10764
43533
10766
10767
10768
10769
10770
10771
10765
43540
10774
10775
10776
10777
10778
10779
10780
10781
10783
43551
10785
10786
10787
10788
10789
43558
10792
10793
10794
10795
10796
43565
10799
10802
43571
43573
10805
10807
10808
10809
10810
10811
10814
10816
10817
10818
10819
43588
10821
10820
43591
10824
10825
10826
10827
10828
10829
10823
43599
10832
10836
10838
10839
10840
10841
10842
10846
10850
10851
10852
10854
10855
43622
10856
43626
10859
43623
10861
10862
10863
10864
10865
43634
43635
10866
10869
10870
10868
10872
10873
43641
10875
10877
43646
10879
10882
10884
10885
10886
10887
10888
10889
10890
10891
43658
43664
10896
10897
10899
10900
10901
10902
10903
10904
10905
10906
10907
10909
10910
10912
10913
10914
10915
10916
10917
10918
10919
10920
43688
10922
10923
10924
10925
10926
43695
43696
10928
10930
10931
10933
10935
10936
10937
40813
10939
10940
10941
43709
43710
10944
43714
10947
10948
10949
43719
10951
10952
43720
10954
10956
43722
10960
10961
10962
10964
43732
10966
10968
10970
10971
10972
10973
43740
10976
10977
10978
10979
43746
10981
10982
10983
10984
10985
10986
10987
43756
10989
43752
10991
10992
10993
43762
10995
10996
10988
43761
10999
11000
11001
11002
11003
11004
11006
11007
11008
43774
11010
11011
11013
11014
11015
11016
11017
11018
11019
43783
11022
11023
11025
11026
11027
11028
11029
43796
11031
11032
11034
43803
11035
11037
11039
11040
11042
11045
11046
11047
11048
8709
11051
11052
11056
11057
11058
11059
43825
11061
11062
11063
11064
11065
11066
43834
11067
11068
11070
43833
11073
11074
11076
41279
11078
11080
11082
11084
11086
11087
11088
11089
11091
43859
11093
11092
43862
43863
11097
11098
11099
11095
43860
11102
11103
11101
41284
11106
11105
11110
11111
11113
11114
11115
11117
11118
11119
11120
11121
11124
43893
11126
11127
11130
11131
11132
11133
11134
11136
11137
11140
11141
43909
11143
43912
43913
11146
11148
11149
11150
11152
11153
11154
11155
43925
11158
11159
11160
43926
11162
43929
11164
11165
11166
43927
43936
11170
43938
43939
11173
11174
11175
11172
11177
11178
11179
11181
11184
43953
11185
11187
11188
11189
11190
11186
43959
43961
11192
43957
43964
11197
11194
11199
43968
11200
11202
11203
11204
11205
8740
11198
11208
11209
11210
11211
11212
11213
43982
43983
43984
11215
11218
11219
11220
11221
43986
11223
11227
11228
11229
11230
11231
11232
43995
11234
44003
11235
44005
11238
11239
11240
44009
11242
11243
11244
11245
44012
11247
44014
11250
44019
11252
11251
11254
44023
11255
11257
11258
11259
11260
44028
11263
11264
44033
11266
11267
44032
11269
11270
11271
44039
11273
44040
11275
11276
44045
11272
11278
11280
11274
11282
11283
11284
44051
11286
11285
11288
11289
11290
11292
11293
11294
11295
11296
44063
44065
11299
11300
11297
11302
11305
44073
11307
44076
11309
44078
44079
11312
44080
11314
44083
11316
11315
11318
11317
11320
44081
11321
11328
11329
44097
11330
11332
44101
11334
11335
44105
11340
11341
11342
11343
11344
11345
44113
11346
11350
11351
11352
44120
44118
11355
44123
11357
11358
11361
11363
44132
11364
44135
11369
11372
44141
11376
11377
11379
44147
11380
11382
11383
11384
11385
11387
11389
11392
11395
11396
44163
44164
44167
11401
11402
11403
11404
44172
11406
11407
11408
11409
11405
44179
11412
44182
11415
11414
11419
44188
11421
44190
11422
44192
11420
11426
11428
11432
11433
11434
44203
11436
11437
44204
44207
11439
11435
11442
11443
11444
11445
44213
11447
11448
11450
11451
11453
44222
11455
44224
11457
11458
11459
44227
11456
44231
44232
11465
44234
11466
11468
11469
44238
44235
11472
44236
11474
11477
11478
44247
11481
11482
11486
11487
11488
11489
11490
44259
11492
11493
44261
11494
11496
44262
11498
11499
44266
11501
11502
11504
11505
11506
11507
44276
11509
11510
11511
11512
44278
44283
44286
11519
11520
11522
11523
44290
44293
11525
11527
11528
11524
11530
11531
11532
44298
11533
44303
11536
11538
11539
11540
44308
11542
11543
11545
11546
41372
44315
11550
11552
11554
44323
11556
11557
11558
11559
11560
11561
11562
44331
44332
41375
11566
11567
11568
11569
11570
44339
41377
11573
44342
11576
11577
11579
11580
11581
11582
11584
11585
44355
11587
11589
11590
15329
11593
11594
11595
44361
11597
44363
44364
11598
44369
11602
11600
11604
11605
44373
11607
11608
11609
44377
11611
44379
11613
44378
11615
11616
11617
44386
11618
11620
11621
41387
11623
11624
11625
44394
11622
44396
11629
11630
11631
11632
44401
11634
11635
11636
11637
11638
11639
44403
11641
11642
44409
11644
44406
11646
11647
11648
11649
44415
11651
11652
11653
44424
11657
11659
11660
11662
11663
44434
11667
11669
11670
11671
44439
11673
44441
44443
11676
11675
11678
11679
44447
11677
11683
11684
11685
11686
11687
11688
11689
44456
44459
11692
44457
11694
11695
11691
11698
11700
11701
11703
11704
11705
11706
11707
11708
11709
11710
44473
44480
11712
44482
11714
11716
11717
11718
11719
11720
11721
11724
11725
11726
44494
44496
11728
11730
11727
11732
11734
11735
11737
11738
11739
44507
11741
11743
11744
44512
11747
11748
11749
11750
11751
44520
44515
44518
11753
11755
11758
11759
11761
11762
44531
44529
44533
44534
11768
11772
11773
11775
11777
11778
11779
11781
11783
11785
11786
11787
11788
11789
11790
11791
11792
44561
11793
11795
11794
11799
11801
44569
44571
11804
11805
11806
11807
11808
44577
11809
44579
44580
11813
11814
11816
11817
11818
44587
11820
11821
11822
11823
11824
44590
11826
11827
44596
11829
11830
44599
44591
11828
11834
44603
44602
11837
44605
11839
44608
11841
44611
11845
11846
44615
11848
11850
11852
11853
11854
11859
11861
11862
11863
11864
11865
44630
11867
11868
11869
44629
11873
11874
44643
11877
44646
44649
11881
11884
11885
11886
11887
11888
11889
11891
11892
11895
11896
11898
11902
11903
11904
11907
11909
11910
11911
11914
11915
11919
11920
44693
11926
11927
11928
44694
11929
11932
11935
11936
11938
11939
11941
11942
11943
11944
11946
11947
11949
11950
11951
11952
11954
11955
11958
11959
11962
11963
11964
11965
11966
11967
11968
11969
11970
44739
11971
11973
11974
11975
44744
11977
11978
11979
11980
11976
11982
11983
44750
44753
44754
44755
11988
44756
11990
11991
11992
11993
44759
44757
44764
11995
44766
11999
11998
44770
12003
12004
12005
12002
12007
12008
12009
12010
12011
44780
44777
12014
12015
12016
12017
44786
44787
12020
12012
12019
12024
12025
12026
12027
12028
12029
12031
12032
44801
12034
12035
12036
44804
12037
12039
12040
12041
12042
12043
44809
44812
12046
44815
12044
12049
44813
12051
12052
12053
44820
12055
12056
12057
44827
12060
12059
12062
12063
12065
44833
44837
12071
12073
12074
44841
12079
12080
12081
12082
12083
44852
12084
12086
44855
12087
12089
41479
44860
12092
12093
12095
12094
12097
12098
12096
44864
44867
12102
12103
12104
12105
12107
12108
12109
12111
12114
12115
12116
44883
12118
12119
12120
12117
12122
44890
12124
12125
44893
44889
12128
44896
12130
12131
12132
12133
12129
44900
12136
12137
12138
12139
44906
44905
44911
44912
12147
12148
12149
12150
44919
12152
12151
12154
12155
12156
44922
12158
44925
12160
12161
44924
44935
12168
12171
44940
44941
12173
44943
12175
12177
12174
12179
12176
12181
44949
12185
44954
44953
12188
12189
12190
12191
12186
12193
12194
44962
12196
44965
44966
12199
12200
12201
12202
12198
12204
12205
12206
12207
12208
12209
12210
41504
12213
41505
12216
12217
44984
12219
12220
12218
12222
44986
12224
44992
12226
44994
44996
12229
44998
12230
44997
12231
12228
12235
45001
12237
12236
12239
12232
12241
45009
12243
12244
12245
12246
45011
12248
12249
12250
12252
45021
45023
12255
12257
12258
12260
12262
12263
12264
45034
12268
45036
12270
12271
45037
12273
12274
12275
45045
12277
12280
45049
12282
12283
12284
12281
45050
45055
12287
12289
45058
12285
45061
12294
12295
12296
45065
45063
12300
12301
12303
12304
45071
12306
12307
12308
12309
12311
12312
12313
12314
12315
45084
12317
45083
45085
12320
12321
12324
12325
12326
45095
12328
12329
12330
12332
12333
45102
45103
12338
12339
12341
45110
45109
12344
45113
12346
12347
12348
12349
45115
12350
45116
12353
12354
12355
12356
12357
12358
45127
12360
12361
12359
12364
45133
12367
12368
12370
12371
12372
12374
8307
12377
12378
12379
12380
12381
12382
45151
12384
12385
12386
12388
12389
12391
45159
45161
12394
12396
45165
12397
12399
12400
45164
12401
45168
12404
41542
12406
12408
12409
45178
12411
45177
45181
12414
12415
45183
12417
12412
12419
45187
12421
12422
45191
12423
12425
12424
8309
45196
45192
12430
45194
12427
45202
12438
12439
12440
45209
12442
45211
12443
45212
45214
12447
45217
12450
12451
12449
12453
12454
45222
12457
12458
45225
12460
12459
12462
45231
12463
45227
12466
12467
12468
12469
12470
12471
12472
45241
12474
12475
12476
12477
12478
45247
45248
12481
45250
45251
12483
12485
45249
12487
12488
12489
45256
12490
12492
12494
12498
12499
12500
12501
12502
12503
45270
12505
12504
45275
12508
12509
12510
12512
12514
45284
12517
12519
12520
12521
12522
12524
12528
12529
12530
45297
12532
45302
12534
12535
12537
45306
45307
12540
12541
12543
12544
45313
12545
12547
12546
12549
12552
12553
12555
12556
12557
12558
45327
12560
45329
45330
12562
12564
14827
12561
45335
12568
12570
12571
12572
45341
12576
12577
12578
45346
12582
12583
12584
45354
12587
12588
12589
12590
45359
12594
12597
45368
12604
12605
45374
45373
12608
12609
45377
12611
45380
12613
45382
12615
12617
12618
12619
12620
12621
12622
45388
12627
12629
12630
45397
12632
12633
12634
45402
45403
12635
12638
12637
12640
12642
12643
12644
12646
12648
12650
12651
12652
45421
45420
45418
12656
12657
12659
12660
45429
45430
12663
12662
45433
45434
12667
12668
12665
12671
45440
45441
12678
12679
12680
12681
12682
12683
12684
12686
12687
45458
12691
45461
12694
12696
12699
12700
12701
12702
12704
45472
12706
12707
12705
12709
8320
12711
12712
12713
12715
12717
12720
9041
45489
12725
12726
12729
12730
12733
12740
12741
45510
12743
12744
12742
12745
12747
12748
45512
12751
12752
45520
12754
45523
12753
12756
12760
12761
12762
12763
45528
45533
12766
12767
45536
12770
12771
12772
45540
12774
12775
12776
45546
12780
12782
12783
45553
12785
12786
12788
12789
12790
12793
12795
12796
12798
45567
45568
12801
45571
45572
9058
45575
45576
12808
12811
12814
12815
45584
12817
12818
12819
12820
12821
12822
12823
45588
12825
12826
45593
12829
12830
12833
45601
45603
12835
45602
45605
12839
12838
12841
12834
12843
12844
45604
9066
12846
45615
12849
12850
12851
12853
12854
45623
12856
12857
12858
12859
12862
12863
12864
12865
12866
12867
12870
12872
12873
12877
12880
12883
12884
12888
12891
45660
12892
12894
12895
12896
12897
45659
12903
12904
12906
8328
12909
12912
12915
12916
12918
12919
12921
12922
12924
12928
12929
12931
12933
12934
12935
45702
12937
45706
45705
12938
12941
12942
12943
12944
12946
12947
12948
45716
12950
45718
12952
45719
12954
12955
12956
12957
12958
12961
12962
45731
12964
45732
12965
12966
45733
12969
12970
9090
12972
12968
12974
12975
12971
12976
12973
12980
12982
45750
45752
12986
12987
12988
12989
45758
45757
12990
12991
12994
12993
12992
12997
12998
45767
45768
13004
13005
13009
13010
13011
45780
13018
13020
13022
13023
45792
13026
13027
13028
45795
13032
45801
13034
13035
13036
13039
13040
13041
45809
45807
13045
13046
45816
13051
13052
13053
45821
13055
45824
13057
45822
13059
8334
13060
45830
45831
13065
13069
45838
13072
45840
13074
13075
13076
45843
13078
45847
13080
13079
13082
13083
13084
45851
45845
13087
13088
45857
13091
45861
13095
13096
13097
45867
13099
13102
13103
45873
13106
45875
13108
13109
13111
9119
45880
13114
45883
45884
13116
13118
45887
13117
13115
13124
13125
45896
13129
13132
13133
13134
13135
45901
13137
13140
45909
13141
9125
45911
13145
13146
45916
13150
45919
13151
13153
13154
45923
13156
45922
13158
13160
13162
13163
13164
13165
45934
13166
45935
45937
45939
13172
45941
45940
13175
13176
13171
13178
45946
13173
13181
13182
13183
13177
13185
13180
13188
13189
13191
13192
45960
13202
13203
45972
13207
13209
45978
13212
13213
13214
13215
13216
45987
13219
13221
13222
13223
45993
13226
13228
13229
45998
13231
13230
13233
13232
13235
46004
13236
45997
13243
13244
13246
13247
46014
13250
13251
46020
13252
13255
13256
13258
46027
13261
46029
13264
13265
13269
46041
13274
13276
46045
13278
13279
46047
46048
46051
13288
13289
46058
13290
46059
13293
46061
13296
13299
13300
13301
46070
46072
13304
46074
46076
13309
13312
46081
13316
46091
13325
13326
46094
46096
13331
46100
13333
13334
46102
13336
46105
13337
46107
13340
46109
13342
46104
13341
13345
13346
13347
13348
13349
46112
46118
13355
13358
46127
13360
13362
13363
13364
46131
13367
46136
13368
13372
13374
46143
13375
46145
13379
13382
13384
13385
46156
13389
13388
13392
13395
46164
46165
13398
13399
13400
13401
46168
13402
13404
13405
13403
13407
13409
13412
13413
46185
13418
13419
13421
13423
46191
13425
46193
13427
13429
13431
13433
13435
13436
13441
13442
13444
13445
46214
13447
13450
46218
13452
13453
13454
9186
13451
46223
13458
13459
13460
13461
13463
13464
13466
46235
46236
13473
13474
13475
13477
13479
46247
13482
13483
13484
13485
13486
46255
13488
13489
13490
13491
13492
13493
13494
13495
46260
13499
13500
13501
13502
13503
13504
46276
13509
13510
13511
46277
46279
46283
46284
13517
13519
13520
13522
13524
13525
46294
13527
13526
13530
46298
13534
13536
46305
13540
13541
46309
13542
13546
13548
13553
13554
13556
46325
13558
46327
46324
13559
13562
13563
9209
13566
46334
13568
13569
13570
46339
46340
13574
13575
13578
13579
13580
13581
13582
13583
13584
13585
46357
13590
13591
13592
13593
46362
13595
46360
46361
13598
13596
13600
13594
13602
13607
13608
13609
13610
13611
13616
13617
41784
13620
46389
13622
13626
46394
41786
46397
13629
13631
46399
41787
46401
13635
46403
13637
13638
13632
46408
46409
13642
13643
13641
13645
46414
13647
13644
46413
46420
13653
13652
13654
13656
13655
13658
13659
46428
13661
46431
13664
13665
13666
46435
46436
41794
46438
13671
46439
13673
46437
13675
13676
13677
13678
13679
13680
46450
13685
13686
46454
13688
13689
9234
13692
46460
13693
13696
46465
13698
13699
13700
13701
46469
13702
13704
13705
46474
13707
13708
13709
46477
41801
13712
13713
13706
13715
13716
13717
13719
13721
13723
13725
46493
13727
46496
13729
46494
13733
46501
46503
13734
13737
13738
13735
13740
46511
13747
13748
13750
13752
13753
41811
13755
13756
13758
46526
41812
13761
46528
13764
13766
46534
13768
13769
41814
13771
13773
13777
13778
13779
46546
13781
13782
46550
46552
13784
41817
13787
46556
13791
13792
13793
46561
46563
13794
13797
13798
46567
13801
13802
13803
13804
13807
13808
13811
13812
46580
13814
41823
46579
13815
13820
13823
46591
13826
46595
13828
13829
13830
13833
46603
13836
13837
13835
13842
13843
41829
13846
13845
13868
13869
13870
13872
9270
13875
13878
13879
46647
13881
46649
46651
46652
13885
13886
13887
13888
46653
13883
13891
13892
13893
13894
41839
13896
13895
13897
13902
13903
41841
13909
13910
13912
13913
13914
41843
9279
13919
41844
13921
13922
13920
13924
13926
13927
13929
13930
13931
13932
13935
13936
13938
46708
13940
13943
13946
13947
13949
13950
13953
13954
13956
46724
46727
46728
13961
46730
13960
13964
13965
13966
13967
46736
46737
46738
13972
46742
13974
13975
13977
13976
46745
13980
13981
46750
13982
46743
13985
13988
13990
46758
13992
13993
13994
13991
13996
13997
13998
46768
14001
14002
46771
46772
14005
14006
14003
14008
14011
46782
14015
14017
46785
14019
46788
46789
14022
14023
14021
14020
46794
14029
46798
14031
14030
14035
14037
14038
14039
46807
14041
14042
46811
46812
14048
14050
14051
41870
14053
46822
14055
14056
46824
46825
14059
46828
46829
41872
14063
14061
14066
46835
14068
46836
46840
46841
14073
14078
14079
14080
41876
14084
14085
46853
14087
46855
14089
14088
46859
14096
14097
14098
14100
46869
14102
46872
14106
14108
46877
14110
14111
14112
14109
46882
14115
14116
46884
14118
41883
46885
14121
14122
41884
14124
14125
46894
46893
14128
14130
14132
14133
14135
46904
46905
14137
46907
14139
14141
14136
14143
46908
14145
9323
14147
14148
14149
14151
14152
14154
14155
14157
14159
14160
14161
41892
14162
14164
14166
14168
41894
46941
14174
14175
14177
46947
46948
14181
14182
46951
14184
46953
14186
14187
14188
14189
14190
14193
14194
14195
14198
14199
14202
14204
14205
14207
14208
46977
14210
46979
46980
14213
46982
14215
14217
41903
14219
46985
46989
14222
14223
46991
14226
46996
14229
46997
14231
14232
14233
47002
47001
14237
14238
14239
47008
14240
47010
14242
14244
14247
14248
47016
14250
14251
14252
47020
14253
14249
47025
14258
14259
14262
14265
14266
14268
14269
47037
14272
14273
47042
14275
47041
14277
14278
14280
47049
47050
14283
15865
14286
14287
14288
14292
14294
14296
14297
14299
14301
14303
14304
14305
47072
41921
14309
14310
14312
14313
14314
41922
14316
14318
14319
14320
14321
14325
14328
14329
14330
14332
41926
14333
14335
47101
14337
14340
14341
14342
14343
14345
14346
14347
47115
14351
14352
14354
47123
14355
14356
14358
47126
14360
14362
47131
14364
14369
14370
14371
41934
47142
47143
14374
14376
14377
47145
14381
47149
47151
47152
47153
14385
14387
14388
14384
14390
14391
47159
41938
14392
14395
14400
14401
14402
14403
14404
14405
14406
47176
14408
47181
14417
47185
14419
14420
14422
14426
14427
14430
47199
47200
47198
14431
47203
47204
14435
14439
14441
14442
14443
14444
47213
14446
14447
14445
14449
14451
14452
14453
47223
14456
14457
14460
47230
14465
14467
14469
14472
47241
47242
14475
47243
14477
47245
14479
14473
14481
14482
14483
47251
14484
14486
47249
47252
14489
14485
14492
14493
14494
14495
14496
14498
14502
14504
14507
47275
14509
14510
47278
14514
14516
14517
14518
14520
14521
47288
14523
14524
47293
14526
14529
47298
14531
14532
47299
41966
14535
14536
14537
14539
14540
14541
14543
14544
47317
47318
14553
14554
14556
14559
41971
14564
14565
14566
14568
14569
14571
14572
14573
47343
14576
14575
14579
14580
14581
14584
14585
14587
47358
14590
14591
14592
14594
14593
47359
14597
14598
14596
47361
47363
47369
47371
47372
14604
14608
14609
14610
14611
47378
47381
47382
47383
14616
14617
14618
47387
14620
14621
14622
14623
14626
14627
14628
14630
14632
14633
47400
41986
14636
14637
14640
14641
14642
14643
14644
14645
47412
14647
47410
41987
14651
14652
14655
14656
14657
14660
14661
47429
47433
14666
14667
14668
41992
14670
14671
47440
14665
14674
14675
14672
14677
14678
47447
14679
14680
47450
14683
47451
14685
14686
14687
14684
14689
41996
14691
47455
47461
14693
47462
14696
14697
14698
14694
14700
14701
14702
14695
47465
14705
47474
14706
14708
47475
14710
47477
47480
47481
14711
14712
14717
14718
42003
14721
14722
14724
47498
14731
14732
14733
47502
14736
14737
14738
14739
47509
14742
14743
14744
14750
47518
14752
47520
14754
14757
14759
14763
47531
47533
14766
14767
14765
14782
14784
14786
47557
47559
14794
14795
42018
47564
47565
14798
14799
14801
47570
14805
14807
47577
47587
14819
14821
14822
47591
9459
14825
14826
14824
14828
47596
14829
14831
42025
9461
14834
14835
14836
14837
14838
14839
14840
14841
14842
47612
14845
14847
47616
47617
14849
14851
14852
14858
14862
14864
47637
14870
14871
14874
14876
14878
14879
14881
14882
47653
14885
47655
14888
14887
14890
14891
47660
14894
14896
14897
47666
14899
14900
14901
14902
47670
14903
14905
47674
14909
14911
14915
47687
14919
14921
14922
42043
14924
14926
14927
42044
47699
14931
14936
14937
14938
14939
47706
14941
47711
14945
14947
14948
14949
14952
14955
14957
14958
14961
47730
47729
47731
14963
47734
14965
14962
14967
14970
14971
9487
14973
14975
14977
14978
14979
14981
14982
14983
14984
14988
14990
14991
14994
14996
14997
14999
9494
15001
15000
15003
15007
15008
42060
15010
15012
15016
15018
15020
15021
15024
15025
15026
47792
15029
15030
15032
42065
15034
47804
15037
15036
15039
47808
42067
15044
15045
15046
47815
47816
47817
15051
15053
47822
15056
15059
15060
15061
47830
15063
47832
15062
15066
47829
15070
47840
15073
15072
47843
15076
9509
15078
47847
15081
15082
15083
15084
47852
15086
15087
47854
15091
15092
15093
15097
15098
15101
15102
47870
15104
15105
15107
15108
15109
15110
15111
15112
47882
15116
47884
15118
15122
47890
15124
15125
15126
47896
15129
15130
15133
47903
15135
15136
47908
15141
15142
47909
47912
47910
15143
15148
15149
15152
15153
15154
47922
15157
47926
15159
15162
47930
47934
47936
15169
47937
47941
47942
15175
15176
15178
47947
15181
15182
47952
15187
15188
47955
15190
15191
15192
15193
15194
15189
15197
15199
15200
47967
15209
47980
15212
47981
47984
15217
15218
15220
15226
47995
15230
15231
48000
15233
15234
48003
48001
15238
15239
15240
9542
15242
48013
15246
15247
15248
15245
42108
15254
15255
15257
42110
15259
48032
15266
48037
15270
48040
15275
15277
48045
48047
15280
48051
48052
15285
15284
15288
48057
15289
15292
48060
48062
15294
15296
15297
48064
48067
15300
15301
9553
15309
15311
15312
15313
48084
15318
48087
15319
15322
15323
15324
48093
48095
15328
48097
15330
48099
48100
48101
15331
15335
48104
15333
15332
48107
48108
15341
48109
15343
15344
48111
15346
15347
15348
15349
48118
48119
48120
15353
15354
15355
15351
15357
15350
15359
48127
48129
15362
15363
15360
15365
15366
15361
15367
15370
8426
48138
48142
15378
15380
15381
15383
15384
48153
15388
15389
48157
15390
15391
15393
15394
48162
15395
15398
15400
15402
15403
42139
48173
15406
15407
48178
15411
15413
15414
48183
48184
15417
48189
15424
15425
15427
48195
48197
48198
15433
48203
15437
15438
48206
15441
15443
15444
15445
48213
48214
15446
48211
48218
15447
48217
15453
15452
48223
15456
15458
48227
15459
15462
48231
15464
15465
15466
48236
15468
15470
15471
15472
15475
15476
15477
15478
48246
15480
48249
15481
15484
48254
48258
15491
15492
48261
15495
48264
15497
48266
48267
48268
15500
15502
48271
15504
9593
15505
15508
48277
48278
15511
15512
48282
15514
48283
15517
48286
15523
15525
48296
15530
48299
15531
15532
15535
15538
15539
48309
15542
48311
15543
15545
15546
48313
15548
48317
15550
15551
48319
48321
15555
15556
15558
15560
15561
15562
15565
48334
48335
15568
15567
15570
48340
15573
15572
15576
48345
15578
15579
15580
15577
15582
15581
15584
15586
15588
42176
15591
15594
15595
15597
48365
48367
15601
15603
15604
15605
48372
15607
48375
15606
15610
15611
15614
48384
15616
15618
15617
48385
15620
15624
15627
15628
48397
15630
15629
15632
15631
48398
15636
15637
48406
15638
15641
15646
48415
15648
48418
15651
15652
15653
15650
48419
48425
15658
15657
15660
15661
48431
48435
48436
15669
15671
15672
48439
48442
48443
15674
15676
15678
48446
15680
15681
48441
15675
15679
48453
15690
48458
15694
15695
15696
48465
15698
15697
15700
15699
15702
15703
15706
15708
15709
15712
15713
15715
15717
15719
15720
15722
15723
48493
15726
15725
15728
15729
15730
48494
15732
48502
15740
15741
15742
48515
15748
15749
15750
48516
48520
15753
15755
15758
15759
15760
48531
48533
15766
15772
48541
15777
15781
15782
15783
15784
48552
48554
15787
15788
15789
15791
15792
48563
15798
48567
48569
15803
15805
15806
15811
15812
15813
15815
15816
48587
48589
48592
48597
48598
15831
15832
15835
15836
15840
48609
15842
48610
15844
15846
15848
48622
15856
15859
15861
48632
48633
15866
15864
15868
48637
15870
48636
15872
15873
15874
15875
15876
48645
48641
15879
15881
15882
48651
48650
48649
15887
48656
15890
48660
48661
41010
15895
15899
15902
48677
48679
48680
15913
15917
15918
15920
48689
15926
48697
15929
15931
15933
48703
48704
15935
15939
15940
15942
15943
15944
15946
15950
48719
15952
15953
48722
15955
15959
48727
48728
15961
15965
48735
42251
15971
15972
42252
48742
48745
15978
48751
15983
15984
15986
15987
15989
48759
15994
15995
48763
15997
16000
16001
16002
48771
16005
48775
16008
48776
16009
16011
16012
16014
16015
16016
48785
48786
48787
16021
16022
16023
16029
48797
16031
16035
16037
16039
16040
16041
16042
48811
16044
16047
16050
48818
16051
42268
16055
16057
16062
16064
16065
48834
16069
16073
16074
16075
48845
16078
48848
16082
16084
16088
42275
16093
16095
48864
16097
16098
16096
16099
16101
16102
16103
9714
16107
16109
16110
42280
16119
42281
16122
16123
16125
16126
16127
16128
16130
16132
16137
48906
48907
48908
16140
16142
48909
16144
48905
16146
9721
16148
16151
16152
16153
16154
16156
16157
16160
16161
16166
16168
16169
16170
16172
16173
16178
16179
16180
16181
16185
16187
16188
48962
16195
16197
16199
16200
16202
16203
16206
16210
48979
48980
16213
16214
48982
16216
16217
48988
16222
16224
48992
16226
16227
16232
16233
16235
49003
16238
49006
16241
16243
16244
16252
49020
16254
16256
16259
49028
16262
16263
16266
16267
49036
16269
16271
49039
16272
16274
16275
49045
16277
16279
16283
16285
16287
16288
16289
16290
16294
16295
16297
16299
49067
16300
16302
16303
49068
49073
16306
16301
16309
16310
16311
49078
49081
16314
16316
16317
49085
16319
16320
16327
16328
49097
16330
16333
49103
16336
16337
49107
16339
49111
42326
16346
49114
49116
49118
16350
16352
16353
16354
16355
49119
16357
16351
16358
49130
16364
49135
16368
16371
16372
16373
49140
49143
49145
16378
16379
16380
16384
49153
49154
16387
16388
49157
49158
16392
49161
16396
49165
16399
16401
49171
49173
49174
16407
16408
16409
49178
16410
49180
16415
16416
16417
16420
16421
49189
16424
16427
16428
49197
49198
16431
16432
49201
49207
49208
16440
16443
16444
49212
16446
16447
16448
16449
49218
49215
16445
16453
16454
49223
49224
49225
16456
16458
16455
16461
16462
16464
16466
16467
16468
16476
16477
16478
16479
16480
16481
16482
49246
16484
16483
16486
16485
16488
16490
16491
49260
16493
16492
49263
16499
16501
16502
16503
16504
16505
16507
16510
16513
16516
16517
16518
49287
16519
16522
49292
16525
49294
49295
16528
16527
49300
16534
16535
16536
16537
16538
16539
49302
16541
49306
49311
16544
16545
49314
16547
16540
16549
16550
16556
16557
16558
49327
16559
9804
16563
16564
16565
16566
16567
16568
49337
16570
16571
16572
49340
16574
16576
49349
16591
16592
16593
16594
49361
49366
49367
49369
16602
42377
16605
49375
16612
16613
49382
49384
16619
49388
16621
16623
16625
16626
16627
16630
16631
49399
16637
49406
16640
16645
16646
49414
16650
16651
16652
49421
16653
16655
16657
16659
16661
49430
16663
42389
16662
16664
49436
16668
16670
16671
49439
42391
16676
42392
16680
49449
16682
16684
16685
16686
16687
16691
16692
16693
49462
16695
16694
49465
16698
16696
16700
16701
49463
49472
49473
16705
16709
16710
16713
49483
16718
49487
16720
16721
16722
49491
16724
16725
49494
49495
16728
16729
16730
16732
16733
16734
49504
16738
16744
49512
49513
16749
16750
16751
49522
16755
16756
16757
16754
16759
16761
49531
16766
16768
49536
49537
16773
49542
16777
16783
16784
16785
16787
16788
49555
49558
16791
16792
49561
16793
49559
16795
16797
49565
49564
16796
49566
16800
49571
16803
16804
16806
16798
16809
16811
49580
16813
16814
16812
16816
16817
16818
16822
16823
49593
16826
16827
16830
16832
49602
16835
49604
16841
16843
16845
16846
16848
16854
16855
49624
49627
16861
16863
16867
16869
16871
16872
49641
16874
16878
16885
16887
49656
49659
49660
16893
16892
16897
16898
16899
49668
16905
16908
49676
16910
49678
16912
16913
49681
16916
16918
49687
16920
16919
16924
16925
16927
16929
16930
9878
16933
16935
9879
49705
16938
16939
16940
16941
49708
16942
16944
49704
49714
16947
49716
16949
16950
49723
16958
16959
49728
49727
16962
49731
16964
16963
16967
16970
16974
16975
16977
16978
16979
16980
16981
16982
16985
16987
16988
16990
16991
16994
16997
16999
49768
17001
17003
17004
17006
49774
17009
17010
17013
17016
17018
17023
17024
49793
17026
49795
17027
49796
17028
17029
49794
49801
17034
17036
17038
17039
17040
49809
49806
17044
17045
49814
17046
49815
17049
17050
49816
17052
49821
17053
17055
17048
49823
17058
17062
17066
49834
17068
9905
17070
17072
17073
17074
17077
49846
49845
17080
49849
17082
49850
49852
17085
17086
17087
49856
17089
49859
17096
17098
17099
17101
17102
17104
49876
49879
17113
42479
17116
17117
17119
17121
17122
49891
17123
17126
17127
17128
49896
49900
17133
17134
17135
17136
49906
17138
49909
17146
17148
17151
17152
49920
49922
17155
17156
17157
17160
17161
17163
49932
17165
17164
49931
17166
17169
17168
17171
49938
17170
17174
17175
17177
49948
49949
17181
42492
17185
42493
49956
49959
17191
17193
17194
17192
49964
49960
17200
49969
17202
17204
49973
17206
17208
49981
49982
17219
17220
42500
49989
17223
17226
9937
17230
17231
17232
17233
17234
17235
50004
17237
17238
17240
17241
50011
50012
50014
17247
17248
50017
17250
50021
17254
50023
17257
17260
17261
17262
17264
50033
17266
17265
17270
50039
17272
17273
17274
50038
17276
50048
50053
9949
17289
17290
50059
17295
17296
50063
17302
17305
50073
17308
17309
50082
17318
17326
17329
17331
17336
17338
17339
17341
17342
17345
50114
50115
50116
50117
50118
50119
50120
50121
17350
50123
17348
50122
17359
17360
17361
17363
17366
17367
17368
17369
17373
17374
17377
17380
17383
17387
17388
17389
17390
17392
17393
17394
17397
17400
17401
17408
50182
50183
17415
17416
17420
17422
17424
17426
50199
50200
17431
17432
17435
17436
50205
17438
50207
17437
50209
17442
17440
17444
17441
50206
50214
50216
17449
50217
50219
50220
17450
50223
50224
17456
17458
50227
17460
50229
17462
50230
50231
17459
17461
50235
17469
17474
50243
17478
17481
17482
17483
17484
50253
17485
50257
17491
42554
17494
17495
17497
17499
17501
50270
17503
50273
50275
17508
50277
17511
17512
17513
17514
17515
17516
50284
50286
50287
50288
17520
17524
17525
17526
17527
50297
50301
17536
17537
50305
50307
17540
17541
17542
50306
17543
17545
50314
42565
17550
17551
50320
17553
17554
50326
17559
17560
17562
17563
17566
17568
50339
50340
17572
17573
17576
17579
17580
17582
17583
50350
17585
17586
17588
17589
42573
17591
17592
17593
17596
50367
50368
17601
10011
17605
17606
50374
17608
50376
17610
8515
17612
17613
50382
50379
17617
17618
17621
17623
17624
50394
17628
17631
50401
42582
17634
17637
17638
50409
17642
17643
50411
17645
17646
50414
42585
17652
17653
17654
17655
17656
17657
50426
50431
17664
50432
50434
17667
50435
50436
50433
50440
17673
17674
17675
17680
50450
50451
17684
17686
17687
50455
50457
17690
50459
17692
17694
50463
17696
17698
17699
17700
50470
17703
17704
17707
17708
17709
17710
17711
17713
17719
50488
17720
17721
50492
17727
17728
17729
50498
17732
17733
17734
50500
17737
17738
17739
50508
17744
17745
17746
50514
17748
50517
50519
50520
50521
50522
50523
17751
17754
17752
17759
17761
50530
50534
17767
50535
17769
17770
17773
17774
17775
17776
17777
17778
17779
50547
50549
17782
17783
50548
17785
17787
17788
17801
17805
17809
17812
17813
17814
50585
17818
50587
17820
50589
17822
50591
17823
17825
50594
17826
17828
50597
17830
17827
17831
17834
50603
17836
17835
17838
17839
50607
50608
50610
17843
17841
17848
50617
17849
17850
17853
50622
50623
17855
17857
17862
50634
17867
17868
17869
50639
50640
50642
17874
17875
50643
17878
42631
50649
50651
17884
17885
17886
17888
17890
42633
10069
17894
17896
50664
17898
17899
17900
50668
50671
17904
50674
17908
17909
50678
50681
17913
17915
50684
17918
17920
50689
17922
17924
17929
17930
17932
17934
17936
50706
17939
17940
17941
42644
17946
17947
50716
17949
17948
17951
17950
50717
17955
50724
17957
17958
17959
17967
17969
17970
50737
50739
50741
17974
50740
50744
50745
17976
17979
17978
17986
17987
17989
17990
17991
17992
50762
50763
17996
17997
50766
18002
18006
18007
18008
18013
50781
18015
18016
18017
18022
18023
18026
18029
50800
18033
50804
50805
18037
18044
50813
18046
18047
18048
18050
18052
18056
18058
50828
18066
18068
18071
50839
50842
18075
50843
50845
18078
18080
18081
18082
50849
50850
50855
18088
50857
18090
50859
18096
18098
50866
18100
18101
18102
18103
18104
50868
50880
18112
18114
50882
18117
18120
50892
18126
50895
18128
18129
18130
18127
50900
50901
18136
50905
18139
18141
18142
50911
50909
50912
18146
18147
18148
18149
18152
18154
50924
18157
18160
18162
18168
50938
18171
18173
18174
18175
50944
18177
18176
18179
18181
18182
50949
50953
18186
18187
18185
18190
18191
50960
18193
50958
18196
18197
50966
18201
18202
18203
50972
18204
18206
50977
50978
18212
18213
18215
50985
18218
18219
18220
18221
50988
18223
18224
18225
18226
50995
18228
50997
18230
50999
18234
18236
18237
51005
18239
18244
18245
51013
18247
18251
18254
18255
18256
18262
18263
18264
18267
18268
18269
42708
18271
51039
18273
51044
18277
18278
51047
51048
18279
18282
18284
18285
42712
18288
18290
18292
18293
18294
51060
18296
51065
18297
18299
18295
51069
18306
18309
51079
18312
18314
18315
51082
18316
18318
51090
18323
51091
18325
51092
51093
18328
18329
18331
18332
18333
18334
18335
18336
18337
18339
51108
51109
18344
18348
18349
18350
18351
18352
51119
51128
18362
18363
18364
51132
51135
18367
18368
18372
18378
51147
18380
18381
18382
51149
18384
42730
18387
18388
18389
51158
18392
51160
18393
18394
18396
18397
18398
18399
18401
18404
18405
18406
51175
18408
18407
18415
18418
18420
51189
51188
18423
18424
18425
18429
51197
18432
18433
18434
18436
18438
18439
18443
18445
42414
18448
18453
18457
18462
18464
18466
18469
18471
18479
10186
18482
18484
18485
18488
18489
18490
18492
10189
18506
18507
18513
18515
18516
18518
18519
18520
18525
18529
18531
18534
18535
18536
18538
18539
18540
18543
18545
18547
18553
18554
18560
18561
18562
18566
18567
18571
18572
18573
18575
18580
18583
18584
18585
18587
18588
18589
18591
18592
18593
18595
18598
18600
18601
18603
18604
18607
18611
18613
18614
18616
18617
18618
18619
18621
18623
18624
18625
18626
18627
18628
18629
18637
18638
18642
18643
18649
18651
18653
18654
18655
18656
18663
18664
18665
18667
18675
18677
18680
18683
18684
18691
18692
18698
18701
18702
18703
18705
18715
18716
18720
18722
18732
18735
18736
18739
18741
18742
18743
18744
18745
18746
18747
18748
18750
18754
18762
18765
18767
18769
18771
18772
18773
18776
18777
18778
18780
18783
18788
18789
18793
18796
18797
18798
18801
18803
18807
18808
18814
18816
18817
18818
18823
18828
18830
18833
18835
18836
18837
18839
18840
42822
18842
18843
18844
18845
18847
18848
18849
18850
18851
18852
18855
18859
18860
18862
18865
18866
18869
18882
18886
42831
18888
18890
18897
18898
18900
18902
18903
18905
18911
18912
18913
18917
18923
18930
18935
18937
18938
18948
18952
18953
18954
18958
18959
18961
18962
42846
18966
18967
18968
18972
42849
18978
18981
18983
18985
18986
18990
18991
18994
18997
19000
19009
19010
19012
19013
19014
19016
19019
19023
19024
10294
19027
19033
19034
19035
19037
19038
42862
19043
42863
19049
19052
19053
19056
19057
19061
19062
19063
19067
19068
19070
19073
10304
19077
19083
19087
19088
19089
19092
19094
19096
19098
19100
19101
19103
19104
19107
19108
19109
19111
19113
19115
19118
19119
19123
19129
19132
19134
19135
19138
19142
19143
19150
19152
19157
19161
19163
19164
10322
19165
19168
19170
19171
19172
19175
19178
19184
19187
19189
19190
19192
19193
19194
19195
19196
19199
19202
19207
19210
19212
19213
19216
19217
19218
19221
19223
19224
19226
19227
19229
19231
19234
19239
19241
19243
19246
19247
19250
19252
19254
19255
19259
19264
19265
19270
19271
19272
19275
19276
19280
19281
19282
19285
19286
19291
19293
19295
19299
19300
19306
19307
19309
19315
19319
19321
19322
19324
19325
19326
19328
10355
19332
19336
19340
19344
19346
19347
19351
19352
19353
19354
19356
19359
19360
19361
19368
19377
19378
19383
19384
19385
19386
19387
19390
19392
19393
19400
19405
19410
19417
19418
19419
19421
19425
19426
19427
19428
19433
19435
19438
19439
19440
19441
19442
19444
19447
19448
19449
19453
19455
19456
19457
19465
19466
19467
19470
19481
19482
19493
19495
19497
19498
19500
19505
19506
19507
19511
19513
19515
19517
19519
19520
19521
19522
19523
19525
19526
19529
19530
19534
19537
19538
19542
19544
19545
19552
19554
19559
19561
19565
19568
19570
19571
19572
19576
19577
19579
19581
19584
19588
19592
19593
19597
19598
19599
19601
19602
19603
19610
19613
19616
19621
19628
19630
19633
19635
19637
19641
19643
19644
19647
19648
19656
19657
19659
19660
19662
19663
19665
19667
19673
19674
19683
19686
19688
19692
19694
19696
19700
19702
19703
19704
19711
19712
19714
19715
19716
19718
19720
42997
19724
19725
19728
19730
19731
19732
19733
19735
19739
19740
19743
19745
19746
19747
19748
19749
19751
19755
19759
19762
19763
19765
19768
19776
19778
19782
19784
19785
19787
19788
19790
19792
19793
19795
19797
19802
19805
19806
19814
19816
19817
19821
19823
19824
19825
19826
19828
19829
19832
19838
19839
19840
19841
19842
19844
19846
19850
19851
19854
19855
19856
19857
19858
19862
19863
19864
19866
19871
19881
19894
19896
19897
19903
19906
19908
19909
19911
19912
19913
19917
19918
19919
19921
19923
19926
19930
19933
19934
19935
19937
19938
19939
19941
19947
19950
19958
19959
19961
19962
19970
19975
19976
10483
19982
19983
19985
19987
19989
19993
19994
19995
19996
19997
20000
20002
20003
20004
20006
20007
20008
20009
20011
20013
20017
20019
20021
20027
20030
20034
20039
20040
20049
20050
20058
43064
20062
20065
20066
20067
20068
20071
20073
20078
20079
20080
20082
20083
20084
20085
20087
20088
20091
20094
20106
20107
20108
20110
20111
20116
20119
20121
20128
20129
20130
20131
20134
20135
20138
20142
20143
20144
20147
20150
20154
20155
20156
20159
20164
20165
20166
20170
43087
20175
20176
20178
20179
20183
20184
20185
20186
20191
20192
20194
43091
20200
20205
20207
20210
20211
20215
20219
20223
20226
20228
20229
20231
20232
17047
20235
20237
20241
20243
20244
20245
20247
20250
20260
20262
20263
20265
20266
20267
20268
20271
20272
20273
20274
20276
20278
20284
20285
20286
20288
20289
20294
20295
43111
20297
20298
20301
20302
20304
20308
20317
20319
20334
20336
20337
20339
20340
43120
20343
20344
20345
20350
20356
20360
20361
20362
20363
20364
20366
20369
20373
20375
20376
20382
20384
20387
20388
20389
20391
20394
20403
20412
20415
20420
20421
20423
20430
20431
20433
20435
20436
20437
20438
20439
20443
20444
20451
20454
20456
20459
20460
20463
20464
20465
20468
20469
20470
20476
20477
20479
20480
20482
20483
20484
20485
20486
20487
20488
20490
20495
20497
20499
20500
20503
20505
20507
20511
20512
20515
20517
20518
20520
20528
20531
20532
20533
20535
20536
20537
20538
20540
20542
20545
10597
20551
20554
20555
20557
20560
20562
20563
20564
20566
20567
20570
20571
20579
20580
20582
20589
20590
20594
20595
20597
20602
20604
20605
20617
20618
20619
20621
20622
20623
20625
20631
20632
20635
20637
20639
20640
20643
20648
41199
20651
20652
20654
20655
20656
20661
20662
20663
20667
20668
20672
20676
20678
20679
20681
20682
20685
20686
20687
20688
20689
43190
20693
20694
20697
20699
20702
20710
20711
20712
20713
49707
20716
20717
20719
20722
20724
20727
20729
20732
20733
20735
20736
20737
20738
20740
20749
20752
20755
20757
20759
20760
20764
20765
20766
20767
20770
20771
20772
20776
20777
20780
20783
20784
20786
20787
20797
20798
20799
20802
20805
20806
20808
20809
20816
20817
20818
20821
20823
20829
20831
20833
20834
20835
20836
20843
20845
20848
20849
10657
20854
20859
20862
20864
20867
20868
20869
20870
10662
20881
20882
20885
20886
20891
20893
20894
20895
20896
20897
20898
20899
20901
20905
20910
20911
20912
20915
20919
20922
20924
20926
20928
20937
20945
20949
10678
20959
20960
20961
20962
20963
20967
20968
20969
20975
20976
20977
20980
20982
20984
20987
20992
20993
20995
20997
20999
21000
21003
21005
21007
21010
21015
21016
21021
21022
21026
21028
21036
21043
21044
21046
21051
21052
21053
21054
21055
21058
21062
21068
21071
21074
21077
21078
21086
21087
21088
21092
21093
21094
21095
21098
43271
21105
43272
21108
21110
21119
21129
21132
21137
21141
21144
21147
21148
21149
21151
21153
21154
21156
21157
21158
21159
21162
21163
21170
21171
21172
21173
21174
43286
21176
21180
21182
21183
21187
21191
21195
21199
21203
21204
21205
21206
21207
21211
21215
21217
21218
21220
21223
21236
21237
21238
21240
21241
49813
21246
21248
21249
21250
21255
21259
21266
43304
21268
21273
21274
21276
21277
43306
21279
21281
21282
21283
21291
21293
21295
21300
21304
21305
21306
21308
21316
21319
21321
21323
21324
21326
21327
21329
21330
21333
21335
21336
21337
21339
21340
21341
21342
21343
21347
21349
21357
21358
21359
21360
21361
21366
21369
21370
21377
21380
21381
21384
21387
21389
21390
21396
21398
21399
21400
21404
21411
21413
21415
21423
21425
21428
21431
21435
21437
21438
21440
21441
21445
21447
21448
21451
21452
21455
21457
21459
21465
21466
21468
21469
21470
21473
21479
21481
21482
21485
21486
21488
21489
21495
21497
21498
21502
21510
21511
21516
21517
21518
21519
21523
21526
21529
21530
21531
21532
21534
21536
21538
21539
21542
21545
21546
21552
21554
21558
21561
21563
21564
21570
21572
21574
21578
21580
21581
21583
21584
21585
21594
21595
21596
21598
21599
21600
21602
21605
21609
21610
21611
21612
21614
21615
21616
21619
21621
21626
21630
21634
21638
21640
21647
21650
21657
21660
21662
21669
21671
21672
21674
21681
21694
21695
21701
21706
21708
21709
21710
21713
21714
21716
21717
21720
21723
21725
21732
21734
21735
21737
21738
21740
21741
21749
21751
21752
21754
21757
21766
21772
21774
21776
21778
21779
21780
21789
21793
21795
21797
21798
21807
21809
21810
21812
21813
43413
21817
21826
21827
21828
21829
21831
21832
21833
21834
21835
21836
21837
21839
21842
21843
21844
21851
21852
21855
10857
21858
21859
21868
21870
21871
21872
21874
21876
21877
21879
21881
21885
21894
21895
21900
21901
21902
21903
21912
21915
21920
21922
21924
21928
21930
21931
21932
21933
21934
21936
21937
21938
21946
21949
21950
21953
43443
21969
21970
21971
21976
21977
21979
21982
43447
21987
21988
21989
21993
21994
21995
22003
22004
22005
22006
22007
22010
22011
22015
22016
22022
22025
22026
22031
22033
22034
22043
22044
22046
22051
22056
22059
22061
22062
22073
22075
22078
22081
22082
22086
22088
22091
22093
22096
22098
22103
22106
22108
22109
22110
22113
22116
22118
22122
22126
22129
22133
22138
22146
22149
22157
22158
22159
22162
22163
22166
22168
22172
22179
22181
22183
22185
22192
22195
22196
22197
22201
22202
22204
22205
22209
22210
22213
22214
22216
22218
22224
22227
22232
22237
22238
22239
22240
22241
22251
22254
22257
22259
22260
22263
22267
22273
22276
22278
22283
22287
22289
22291
22292
22294
22295
22296
22297
22301
22303
22306
22311
22313
22316
22321
22324
22325
22326
22327
22329
22334
22336
22338
22339
22344
22346
22347
22348
22349
22352
22353
22355
22358
22363
22366
22370
22374
22375
22379
22382
22384
22386
22387
22389
22391
22398
22400
22401
22403
22408
22409
22410
22411
22412
22414
22418
22421
22426
22427
22428
22429
22431
22435
22438
22441
22448
22449
22450
22452
22454
22455
22457
22458
22461
22462
22463
22472
22475
22476
22480
22481
22482
22483
22484
22490
22491
22500
22501
22506
22507
22509
22510
22511
22512
22518
22519
22520
22521
22522
22525
22527
22531
22532
22533
22535
22542
22543
22544
22547
22552
22557
22560
22561
22562
22564
22567
22579
22581
22584
22587
22589
22597
22600
22601
22608
22618
22623
22625
22627
22628
22630
22631
22633
22634
22636
22638
22639
22643
22645
22648
22649
22654
22657
22659
22660
22662
22664
22665
22667
22669
22670
22671
22672
22675
43584
22677
22676
22679
22680
22681
22687
22690
22694
22702
22704
22705
22708
22714
22718
22719
22720
22722
22727
22728
22732
22733
22738
22743
22748
22752
22753
22755
22756
22758
22760
22764
22769
22774
22777
22780
22784
22785
22788
22791
22795
22798
22799
22800
22803
22804
22805
22807
22808
22809
22813
22819
22821
22826
22828
22829
22831
22833
22837
22838
22844
22845
22846
22848
22849
22851
22852
22861
22865
22868
22869
22870
22871
22876
22877
22882
22888
22891
22896
22898
22900
22905
22908
22910
22911
22914
22916
22920
22921
22924
22926
22928
22929
22931
22934
22935
22939
22950
22952
22954
22958
22959
22960
22961
22962
22966
22968
22976
22979
22990
22993
23000
23001
23006
23009
23010
23012
23014
23020
23024
23025
23027
23028
23029
23030
23031
23036
23037
23038
23041
23043
23044
23047
23051
23052
23053
23057
23059
23062
23066
23067
23069
23070
23078
23079
23081
23087
23090
23096
23099
23100
23101
23103
23104
23111
23122
23126
23127
23135
23138
23141
23142
23143
23146
23149
23151
23152
23154
23155
23156
23158
23161
23162
23163
23168
23170
23172
23177
23179
23181
23184
23185
23187
23193
23196
23203
43689
23206
23207
23210
23212
23228
23229
23230
23231
23232
23237
23241
23243
23245
23246
23247
23248
23250
23260
23267
23268
23270
23272
23279
23280
23282
23284
23286
23290
23292
23294
23295
23297
23302
23303
23304
23307
23308
23309
23317
23328
23330
23334
23339
23341
23344
23351
23354
23356
23366
23369
23370
23373
23374
23376
23377
42610
23381
23383
23384
23386
23387
23388
23391
23398
23403
23404
23406
23407
23409
23414
23415
23416
23419
23420
23425
23426
23428
23429
23433
23435
23437
23438
23440
23441
23444
23447
23450
23452
23454
23457
23459
23463
23467
23470
23475
23479
23482
23483
23489
23490
23491
23493
23498
23504
23508
23509
23511
23514
23519
23520
23523
23526
23531
23532
23534
23536
23538
23540
23543
23545
23547
43759
23557
23567
23574
23575
23599
23603
23610
23612
23616
23623
23624
23625
23633
23635
23636
23637
23638
23642
23645
23646
23650
23653
23656
23663
23675
23676
23678
23679
23680
23681
23685
23689
23690
23692
23693
23696
23697
23699
23706
23707
23709
23710
23712
23715
23717
23720
23722
23723
23727
23728
23734
23740
23749
23753
23755
23757
23763
23764
23765
23766
11237
23771
23774
23775
23776
23779
23782
23788
23790
23794
23798
23801
23803
23806
23807
23810
23811
23813
23814
23815
23818
23821
23823
23824
23825
23826
23830
23834
23840
23841
23842
23844
23846
23847
23852
23853
23854
23856
23857
23859
23868
23874
23877
23879
23880
43824
23884
23885
23891
23892
23893
43826
23895
23898
23909
23911
23913
23914
23916
23917
23919
23920
23924
23926
23928
23929
23931
23932
23933
23937
23939
23940
23942
23943
23944
23946
23948
23952
23953
23955
23960
23965
23968
23971
23972
23974
23976
23977
23979
23980
23982
23990
23991
24008
24011
24014
24019
24020
24021
24022
24023
24025
24035
24036
24037
24038
24042
24043
24044
24047
24048
24059
24060
24061
24063
24065
24066
43861
24069
24068
24071
24077
24079
24080
24081
24085
24086
24091
24094
24096
24101
24102
24103
24104
24107
24109
24112
24114
24117
24118
24119
24128
24134
24135
24138
24142
24149
24154
24159
24165
24168
24172
24173
24174
24175
24177
24184
24185
24186
24199
24208
24212
24222
24224
24225
24227
24230
24232
24235
24237
24238
24240
24243
24244
24245
24247
24254
24257
24262
24264
24265
24269
24275
24276
24278
24280
24282
24289
24294
24295
24296
24299
24301
24302
24303
24304
24305
24306
24312
24315
24317
24319
24324
24329
24330
24334
24335
24340
24348
24352
24355
24356
24360
24364
24365
24366
24368
24369
24371
24373
24374
24376
24384
24388
24389
24390
24391
24394
24403
24405
24411
24417
24422
24424
24427
24431
24435
24436
24439
24440
24444
24446
24447
24448
24450
24453
24454
24455
24456
24459
24460
24462
24468
24471
24473
24476
24481
24483
24485
24486
24487
24488
24489
24491
24499
24508
24509
24515
24516
24518
24520
24531
24543
24546
24548
24549
24550
24551
24554
24561
24564
24570
24572
24574
24575
24577
24579
24584
24587
24590
24605
24606
24607
24613
24615
24625
24631
24634
24635
24648
24649
24655
24658
24659
24661
24662
24663
24665
24666
24669
24670
24674
24677
24679
24680
24681
24682
24683
24692
24693
24695
24696
24698
24702
24703
24704
24708
24709
24712
24716
24721
24723
24724
24727
24731
24733
24735
24736
24741
24743
24746
24752
24755
24758
24760
24762
24764
24769
24773
24774
24775
24776
24778
24781
24783
24785
24791
24793
24795
24796
24802
24804
24815
24816
24817
24825
24826
24830
24832
24833
24838
24839
24840
24841
24846
24847
24848
24853
24854
24855
24860
24877
24878
24880
24882
24884
24885
24886
24890
24891
24894
24896
24902
24905
24907
24908
24909
24911
24915
24917
24918
24919
24922
24923
24928
24929
24930
24932
24935
24936
24940
24952
24954
24955
44037
24958
24959
24961
24972
24973
24976
24977
24978
24980
24981
24986
24987
24989
24990
44044
24991
24993
24994
25000
25001
25003
25005
25006
25009
25011
25012
25013
25015
25017
25018
25020
25022
25027
25031
25033
25037
25041
25046
25050
25051
25052
25053
25059
25061
25064
25066
25068
25071
25077
25087
25090
25092
25093
25096
25098
25099
25102
25103
25104
25106
25108
25109
25113
25121
25123
25125
25128
25134
50586
25138
25141
25142
25144
25145
25152
25159
25160
25161
25165
25166
25168
25175
25176
25179
25180
25181
25182
25184
25187
25190
25191
25192
25199
25200
25201
25203
25209
25212
25218
25222
25226
25230
25233
25237
25239
25240
25247
25254
25255
25257
25259
25265
25266
25267
25274
25275
25276
25278
25284
25305
25308
25309
25316
25323
25324
25327
25328
25330
25332
25335
25342
25344
25345
25348
25349
25351
25352
25353
25354
25359
25361
25365
25366
25367
25368
25371
25375
25380
25381
25384
25385
25387
25398
25401
25402
25403
25404
25405
25407
25408
25412
25415
25418
25419
25422
25424
25426
25427
25428
25430
25431
25434
25435
25440
25441
25442
25443
25445
25446
25454
25455
25456
25460
25462
25463
25465
25468
25473
25474
25477
25483
25484
25485
25487
25490
25504
25510
25511
25512
25513
25518
25519
25520
25521
25523
25525
25527
25529
25532
25533
25534
25535
25541
25545
25546
25557
25558
25560
25566
25570
25571
25573
25574
25576
25579
25581
25583
25587
25588
25593
25597
25600
11601
25601
25609
25610
25612
25614
25617
25621
44170
25625
25626
25627
25629
25638
25654
25659
25661
25662
25665
25670
25671
25673
25676
25677
25679
25680
25681
25682
25685
25687
25689
25690
25692
25693
25694
25698
25701
25704
25711
25712
25713
25715
25716
25717
25723
25726
25728
25733
25734
25735
25737
25739
25743
25746
25748
25749
25750
25754
25756
25759
25763
25766
25768
25772
25778
25779
25780
25781
25783
25786
25787
25793
25794
25795
25796
25799
25802
25805
25807
25809
25811
25815
25819
25820
25821
25826
25829
25830
25831
25833
25834
25836
25839
25841
25843
25844
25846
25853
25854
25855
25856
25859
25860
25861
25866
25867
25872
25874
25876
25880
25881
25882
25884
25891
25892
25896
25902
25906
25910
25911
25917
25926
25931
25936
25938
25940
25942
25946
25950
25951
25953
25955
25964
25965
25970
25971
25986
25987
25990
25991
25994
25995
25998
26001
26003
26006
26011
26019
26024
26029
26030
26031
26033
26036
26040
26043
26045
26048
26049
26056
26059
26061
26063
26064
26067
26070
26071
26074
26077
26080
26084
26085
26089
26090
26093
26094
26095
26098
26099
26101
26102
26104
26107
26111
26112
26114
26116
26121
26122
26124
26127
26131
26132
26139
26141
26142
18222
26146
26147
26149
26153
26155
26156
26157
26163
26165
26168
26173
26180
26181
26182
26184
26186
26187
26189
26190
26191
26195
26197
26199
26201
26206
26208
26215
26219
26220
26222
26224
26227
26229
26235
26239
26240
26246
26247
26248
26251
26255
26256
26259
26262
26263
26265
26266
26268
26270
26273
26280
26288
26290
26291
26300
26302
26309
26313
26314
26316
26317
26321
26328
26329
26330
26333
26338
26339
26340
26341
26343
26345
26346
26347
26348
26350
26352
26354
26355
26358
26362
26365
26369
26373
26374
26382
26383
26389
26390
26392
26394
26395
26396
44324
26403
26409
26412
26415
26416
26420
26421
26423
26425
26427
26430
26431
26435
26441
26444
26447
26448
26450
26453
26455
26456
26457
26459
26463
26464
26466
26469
26470
26471
26473
26475
26478
26481
26487
26490
26493
26495
26498
26502
26505
26506
26509
26510
26511
26512
26516
26519
26520
26534
26535
26540
26544
26546
26548
26563
26564
26565
26567
26568
26569
26577
44362
26599
26600
26603
26604
44365
26609
26612
26613
26615
26616
26617
26620
26621
26622
26623
26629
26630
26631
26643
26644
26645
26647
26649
26655
26656
26658
26667
26669
26674
26675
26676
26682
26684
26689
26698
26703
26712
26713
26714
26717
26718
26722
26723
26725
26734
26739
26740
26743
26744
26747
26749
26750
26751
26753
26755
26759
26760
26761
26762
26763
26764
26767
26768
26773
26774
26776
26780
26790
26791
26806
26807
26808
26816
26818
26824
26825
26829
26830
26834
26835
26836
26837
26838
26839
26846
26851
26855
26856
26860
26861
26865
26867
26868
26873
26881
26884
26892
26893
26897
26898
26899
26904
26909
26910
26911
26912
26914
26915
26916
26922
26923
26924
26926
26927
26932
26936
26937
26956
26962
26968
26970
26976
26977
26992
27000
27003
27005
27006
27007
27010
27011
27012
27013
27016
27018
27021
27022
27031
27032
27036
27037
27040
27041
27049
27054
27056
27057
27063
27067
27068
27070
27074
27075
27076
27077
27080
27084
27087
27090
27093
27094
27097
27106
27107
27109
27113
27115
27118
27119
27120
27121
27128
27137
27138
27144
27150
27153
27155
27156
27158
27162
50989
27164
27167
27169
27171
27172
27173
27177
27179
27182
27195
27196
27198
27209
27210
27213
27215
27217
27220
27226
27228
27232
27234
27238
27244
27248
27249
27252
27255
27257
27258
27260
27262
27264
27265
27266
27268
27269
27272
27274
27275
27276
27277
27279
27281
27284
27286
27289
27290
27291
27293
27295
27297
27300
27307
27310
27313
27314
27317
27318
27319
27321
27327
27329
27330
27347
27353
27359
27360
27376
27388
27392
27395
27396
27406
27416
27417
27418
27419
27429
27430
27431
27434
27435
27436
27440
27442
27455
27460
27464
27465
27467
27471
27474
27475
27481
27482
27484
27485
27487
27490
27492
27497
27498
27499
27500
27501
27502
27505
27507
27509
27510
27511
11981
27513
27515
27518
27519
27522
27525
27531
11985
27533
27537
27539
27540
27541
44553
27552
27554
27558
27560
27561
27568
27576
27579
27581
27582
27586
27589
27595
27596
27597
27598
27616
27632
27633
27635
27640
27641
27643
44572
27647
27649
44573
27651
27653
27654
27655
27659
27662
27664
27666
27668
27670
27671
27673
27678
27680
27684
27691
27694
27699
27703
27704
27705
27708
27711
27713
27714
27717
27724
27726
27727
27728
27729
27730
27731
27740
27741
27747
27748
27752
27753
27762
27764
27767
27769
27771
27776
27780
27784
27786
27793
27798
12038
27804
27807
27811
27813
27820
27826
27827
27828
27829
27831
27833
27843
27847
27849
27850
27851
27852
27853
27859
27868
27870
27872
27874
27875
27876
27877
27878
27894
27895
27897
27908
27909
27914
27920
27925
27928
27929
27931
27938
27940
27947
27949
27950
27954
27958
27960
27964
27966
27967
27970
27972
27981
27990
27992
27996
27998
27999
28000
28001
28003
28005
28008
28011
28012
28016
28017
28020
28022
28035
28037
28038
28044
28045
28046
28047
28050
28053
28056
28062
28070
28071
28072
28076
28086
28091
28096
28097
28098
28100
28102
28105
28107
28112
28114
28125
28129
28139
28140
28141
28142
28144
28146
28147
28148
28153
28163
28166
28167
28168
28170
28171
28175
28179
28181
28182
28190
28193
28194
28200
28201
28207
28211
28212
28219
28221
28222
28225
28226
28232
28235
28237
28244
28245
28246
12127
28248
28250
28254
28255
28257
28262
28269
28271
28273
28276
28288
28293
28294
28296
28297
28300
28306
28307
28311
28312
28315
28323
28325
28327
28331
28334
28337
28340
28341
28344
28346
28348
28353
28359
28361
28367
28369
28371
28372
28377
28379
28380
28388
28398
28402
28403
28405
28407
28408
28410
28412
28413
28414
28417
28420
28425
28426
28429
28430
28433
28434
28437
28440
28441
28442
28443
28453
28454
28455
28458
28465
28466
28469
28471
44737
28477
28478
28479
28480
28482
28483
28485
28488
28489
28491
28492
28493
28495
28497
28502
28505
28509
28510
28511
28523
28524
28529
28535
28539
28545
28558
28561
28562
28563
28564
28565
28569
28576
28577
28578
28580
28582
28583
28588
28591
28595
28597
28600
28601
28602
28603
28605
28606
28612
28613
28616
28622
28624
28630
28645
28646
28659
28662
28664
28665
28666
28667
28668
28670
44776
28674
28676
28677
28678
28683
28687
28699
28700
28705
28706
28709
28710
28711
28713
28716
28717
28718
28720
28725
28726
28732
28733
28734
28736
28737
28738
28739
28743
28744
28747
12227
28754
28755
28756
28757
28758
28763
28764
28768
28769
28770
28771
28777
28780
28781
12233
28786
28789
28793
28794
44800
28801
28805
28811
28812
28819
28833
28835
28844
28853
28856
28858
28859
28869
28871
28874
28878
28881
28883
28895
28902
28906
28909
28911
28912
28913
28917
28918
28923
28925
28928
28929
28936
28940
28942
28943
28944
28946
28950
28955
28963
28964
28966
28969
28973
28981
28982
28984
28985
28989
28993
28995
28997
29000
29007
29010
29011
29012
29014
29016
29025
29026
44847
29031
29032
29037
29038
29041
29045
29047
29048
29053
29062
29063
29065
29066
29070
29073
29076
29077
29079
29080
29081
29082
29090
29096
29108
29121
29122
29123
29130
29132
29143
29144
29154
29158
29160
29163
29174
29175
29177
29178
29180
29181
29182
29186
29187
29189
29190
29191
29195
29198
29201
29205
29207
29213
29230
29234
44888
29239
29242
29246
29247
29255
29266
29268
29271
29275
29279
29283
29294
29295
29297
29299
29301
29304
29306
29307
29314
29317
29329
29335
29337
29345
29346
29348
29350
29351
29355
29357
29358
29360
29365
29367
29373
29376
29394
29395
29396
29406
29413
29415
29416
29419
29420
29429
29431
29432
29434
29435
29436
29442
29443
29445
29446
29447
29449
29452
29453
29455
29457
29461
29462
29464
29467
29470
29472
29473
29474
29475
29477
29480
29484
29485
29490
29492
29493
29494
29495
29496
29498
29500
29501
29504
29506
29507
29515
29521
29522
29523
29524
29532
29534
29538
29541
29543
29551
29552
29562
29564
29566
29569
29572
29576
29580
29585
29587
29591
29595
29598
29603
29613
29614
29615
29624
29626
29628
29635
29636
29639
29640
29642
29645
29651
12410
29678
29679
29686
29688
29689
29691
29695
29696
29697
29699
29700
29702
29703
29707
29708
29711
29712
29716
29719
29721
29722
29723
29725
29727
29728
29736
29745
29746
29750
29753
29755
29758
29759
29770
29773
29778
29782
29790
29794
29795
29798
29799
29800
29801
29804
29806
29810
29815
29816
29825
29831
29836
29838
29842
29843
29844
29845
29856
29859
29860
29865
29866
29869
29872
29873
29874
29875
29877
29878
29885
29896
29917
29918
29919
29924
29927
29930
29932
29946
29947
29953
29958
29964
29969
29970
29973
29975
29976
29978
29979
29980
29981
29982
29983
12473
29988
29992
29993
30007
30008
30009
30012
30014
30025
12482
30037
30040
45048
30046
30050
30055
30057
30061
30066
30070
30074
30078
30081
30083
30084
30089
30092
30093
30098
30103
30113
30115
30120
30124
30132
30133
30136
30137
30138
30139
30146
30148
30151
30152
30160
30161
30162
30163
30170
30174
30175
30180
30181
30192
30193
30196
30197
30198
30199
30205
30208
30214
30218
30219
30224
30225
30226
30229
30231
30232
30241
30244
30245
30247
30263
30264
30276
30279
30280
30281
30282
30283
30286
30290
30291
30293
30294
30304
30306
30307
30313
30314
30315
30321
30328
30330
30332
30339
30349
30354
30358
30359
30360
30361
30367
30371
30373
30382
30384
30385
30387
30393
30397
30401
30408
30414
30415
30417
30418
30426
30430
30431
30434
30435
30446
30450
30455
30457
30460
30461
30466
30469
30470
30478
30481
30483
30490
30492
30499
30502
30513
30514
30515
30519
30520
30521
30528
30529
30534
30535
30536
30539
30546
30549
30554
30559
30568
30579
30584
30587
30591
30593
30598
30601
30605
30613
30615
30616
30618
30621
30623
30628
30631
30645
30649
30650
30652
30655
30656
30662
30664
30670
30675
30678
30681
30697
30698
30700
30707
30713
30715
30720
30721
30725
30735
30736
30738
30740
30742
30746
30747
30749
30751
30753
30755
30756
30757
30762
30763
30774
30780
30782
30785
30787
30788
30794
30797
30799
30800
30803
30805
30807
30813
30818
30826
30833
30836
30840
30845
30849
30852
30853
30866
30867
30874
30875
30876
30878
30881
30888
30890
30898
30899
30900
30902
30903
30906
30908
30918
30919
30922
30929
30930
30932
30933
30935
30938
30939
30947
30948
30950
30955
30957
30958
30962
30963
30966
30970
30971
30974
30978
30983
30987
30990
30993
30999
31000
31004
31006
45240
31009
31010
31011
31012
31022
31025
31027
31033
31034
31036
31039
31040
31046
31048
31049
31050
31051
31056
31062
31063
31064
31067
31070
31077
31078
31081
31083
31084
31089
31094
31095
31100
31113
31115
31118
31130
31131
31134
31139
31140
31143
31152
31154
31165
31186
31187
31188
31189
31201
31204
31212
31215
31216
31217
31218
31219
31222
31227
31228
31231
31234
31240
31243
31244
31245
31246
31250
31251
31252
31253
31254
31255
31257
31262
31264
31266
31268
31269
31271
31279
31280
31281
31283
31284
31291
31293
31294
31295
31296
31302
31304
31306
31312
31321
31328
31332
31333
31334
31342
31349
31350
31361
31365
31366
31368
31369
31374
31381
31384
31390
31391
31395
31397
31408
31409
31410
31414
31416
31417
31418
31426
31427
31428
9628
31433
31434
31436
31437
31438
31441
31453
31460
31466
31474
31477
31481
31495
31496
31497
31498
31507
31509
31510
31511
31518
31521
31522
31528
31530
31531
31535
31536
31538
31543
31545
31551
31552
31556
31562
31569
31573
31575
31576
31577
31588
31589
31593
31594
31600
31601
31608
31609
31612
31615
31624
31626
31627
31629
31631
31637
31639
31643
31651
31656
31664
31669
31670
31675
31678
31680
31686
31687
31691
31694
31698
31705
31710
31711
31715
31717
31724
31726
31728
31731
31747
31748
31749
31753
31756
31757
31759
31772
31775
31779
31780
31782
31792
31797
31799
31801
31802
31806
31819
31820
31822
31823
31825
31835
31839
31847
31848
31849
31850
31851
31853
31858
31859
31870
31871
31873
31877
31888
31889
31892
31894
31895
31896
31897
31898
31899
31900
31906
31909
31911
31913
31915
31916
31917
31919
31932
31933
31937
31938
31939
31941
31942
31944
31946
31948
31953
31954
31957
31959
31967
31969
31973
31976
31978
31986
31990
31994
32002
32010
32014
32016
32024
32027
32030
32033
32035
32037
32048
32052
32055
32064
32067
32070
32075
32078
32087
32104
32105
32108
32109
32110
32131
32132
32136
32138
32140
32142
32143
32157
32175
32177
32183
32185
32187
32191
32194
32195
32198
32202
32204
32206
32208
32211
32216
32217
32218
32221
32224
32225
32226
32227
32228
32237
32240
32243
32244
32248
32253
32254
32256
32258
32261
32263
32272
32273
32275
32276
32278
32279
32286
32288
32289
32291
32292
32293
32294
32295
32297
32301
32306
32309
32311
32318
32322
32325
32326
32331
32332
32337
32339
32343
32346
32352
32356
32359
32361
32365
32366
32369
32370
32376
32377
32380
32381
32383
32385
32389
32392
32397
32400
32402
32409
32410
32416
32422
32431
32433
32434
32440
32441
32453
32459
32462
32464
32465
32467
32473
12967
32483
32486
32490
32499
32504
32508
32509
32510
32511
32537
32539
32547
32554
32555
32556
32560
32561
32567
32570
32574
32575
32576
32585
32586
32587
32590
32594
32596
32598
32599
32603
32609
32613
32615
32617
32620
32625
32626
32627
32628
32634
32635
32636
32644
32646
32650
32655
32663
32664
32679
32680
32681
32682
32688
32690
32694
32696
32697
32701
32717
32719
32726
32732
32734
32737
32738
32746
32750
32752
32757
